      LinCoeff:.   AA1:        AA2:        B12:        RZ1:       RZ2:
 FNC: ======================================================================
  1   .1157D+00   .1346D+00   .2769D+00  -.8281D-02  -.1492D+00  -.5522D+00
  2   .1561D+00   .2261D+00   .4497D+00  -.6593D-02  -.6187D+00   .5201D+00
  3  -.5498D-01   .2203D+00   .4305D+00   .1562D+00   .7453D-01   .5075D+00
  4   .6417D-01   .7038D+00   .6504D+00  -.1990D-01  -.4256D+00   .6882D+00
  5   .1159D+00   .6372D+00   .3017D+00  -.1810D-01  -.5481D+00  -.5036D+00
  6   .3433D-01   .2076D+00   .2511D+01  -.2291D-01   .5370D+00   .6610D+00
  7  -.2945D-01   .9470D+00   .4046D+00   .4467D+00   .5669D+00   .1464D+00
  8   .3433D-01   .9482D+00   .2496D+01  -.3206D-01   .6144D+00  -.6477D+00
  9   .1866D-01   .3900D+00   .6931D+01  -.1666D-01  -.5073D+00   .6868D+00
 10  -.3866D-02   .6523D+00   .1574D+01   .2425D+01  -.1221D+00  -.6272D+00
 11   .3880D-01   .1598D+01   .7033D+00  -.4603D-01  -.6091D+00  -.5503D+00
 12   .8102D-03   .2317D+00   .1162D+03   .3246D-01   .2068D+00  -.7020D+00
 13  -.5900D-04   .2563D+01  -.5741D+00   .8382D+02   .1390D+00   .1949D+01
 14   .6908D-01   .3023D+00   .1373D+01   .1239D-02   .6533D+00  -.7101D+00
 15   .1725D-03   .1623D+00   .3610D+02   .1085D+00   .1833D+01  -.6932D+00
 16   .6878D-02   .1640D+02   .1366D+00  -.6139D-02  -.6965D+00   .6016D-01
 17   .8941D-01   .9663D+00   .1023D+00  -.4505D-02  -.5701D+00   .1741D-01
 18   .4302D-04   .2667D-01   .9042D+03   .1855D+00  -.2451D+01   .7033D+00
 19   .2106D-01   .3071D+00   .1484D+01  -.3704D-01   .5227D+00  -.1871D-01
 20  -.3476D-02   .4837D+00   .1800D+00   .1921D+01  -.5365D-01   .1594D+01
 21   .2404D-03   .1782D+03   .9668D+00   .1539D+00   .7002D+00  -.7786D+00
 22   .1576D-02   .6854D+00   .2941D+02  -.2014D+00   .6752D+00   .6938D+00
 23   .4103D-02   .1937D+01   .1010D+02  -.2742D-01  -.6507D+00   .6900D+00
 24  -.2982D-03   .1615D+01  -.1300D+00   .1591D+02   .2358D+00  -.1105D+01
 25   .2324D-03   .3293D+02   .5882D+01  -.1627D+01  -.7065D+00  -.6680D+00
 26  -.1150D-04   .1394D-01   .1051D+01   .5035D+03  -.9499D+00   .5034D+00
 27   .4644D-02   .5493D+01   .1850D+01  -.4098D+00  -.6693D+00  -.6059D+00
 28   .1958D-01   .1629D+00   .3245D+01  -.2042D-02  -.8262D+00   .6564D+00
 29   .7221D-02   .3830D+00   .6930D+01  -.4898D-01  -.7613D+00  -.6838D+00
 30   .2230D-05   .2732D+05   .2015D+00   .9225D-01   .7007D+00  -.6010D+00
 31   .1911D-04   .4345D+03  -.9783D+00   .2132D+01   .6916D+00   .9761D-01
 32  -.1857D-04   .1562D+02  -.5417D-01   .4054D+02   .6827D+00  -.5302D+00
 33   .8198D-03   .1040D+01   .5191D+01  -.1828D-02   .8991D+00   .8313D-01
 34   .9476D-06   .7017D+01   .1103D+03   .1195D+01   .1041D+01  -.1067D+01
 35  -.1055D-06   .8285D+00   .5883D+04   .7401D-01  -.4507D+00   .7203D+00
 36  -.1994D-01   .1188D+00   .2044D+00   .7925D-01   .1193D+01  -.2159D+00
 37   .2035D-01   .3390D+00   .5463D-01   .1097D-02  -.3240D+00   .8699D+00
 38   .7669D-02   .4839D+01   .6734D-01   .3641D-02   .7045D+00   .7590D-01
 39   .8517D-03   .3787D-01   .6634D+01   .9058D-01   .1892D+01   .4775D+00
 40   .7745D-05   .9275D+02   .2419D+02  -.7821D+00   .6876D+00  -.6887D+00
 41  -.8325D-04   .1339D+00   .9816D+01   .1025D+02   .4509D+00  -.8564D+00
 42  -.1281D-03   .6099D+01   .3105D+01   .1019D+02  -.5112D+00  -.5618D+00
 43   .9784D-05   .8088D-01   .3881D+04   .8616D-01  -.1271D+00   .7051D+00
 44  -.4055D-05   .8723D+00  -.6455D+00   .1010D+03   .9968D+00   .1427D+01
 45   .4962D-03   .7037D+02   .3891D-01   .6970D-01  -.6962D+00  -.1548D+01
 46   .6783D-02   .9917D-01   .1071D+00  -.5560D-02   .1966D+00   .7253D+00
 47   .1698D-02   .4257D+01   .3212D+01   .2148D+00  -.8096D+00   .7809D+00
 48   .1439D-04   .3371D+01   .2170D+00  -.5213D-01   .2112D+01   .2509D+00
 49  -.2425D-04   .4033D+01   .1426D+02   .1788D-01  -.8329D+00  -.9331D-01
 50   .1058D-03   .4304D+03   .8383D+00  -.7277D+00  -.6951D+00  -.5328D+00
 51   .6130D-04   .1869D+03   .4418D+00   .1316D+01  -.7047D+00  -.1021D+01
 52   .3084D-02   .5377D+00   .2749D+02   .1050D-01   .5668D+00  -.6973D+00
 53   .3581D-03   .3423D+01   .2070D+01   .1905D+00  -.1310D+01  -.3099D-01
 54  -.1128D-02   .4522D+01   .3407D+00   .8795D+00  -.5492D+00   .1229D+01
 55  -.6160D-03   .4864D+00   .1883D+00   .8581D+01  -.2250D+00   .2014D+00
 56   .8968D-04   .6277D+03   .3882D+00   .1507D+00  -.7010D+00   .1093D+01
 57   .1031D-01   .4605D+00   .1104D+00   .2365D-01  -.1492D-01   .2610D+01
 58   .1836D-03   .5344D+01   .1051D+02   .9371D-01  -.8728D+00  -.6282D+00
 59  -.1222D-03  -.6943D-02   .1705D+01   .6189D+00   .1557D+01  -.1513D+01
 60   .4995D-05   .6136D-03   .5883D+03   .4686D-01   .1644D+01   .7154D+00
 61  -.5488D-04   .8664D+01   .5823D+01   .6500D-01   .1546D+00   .1338D+01
 62  -.4277D-05   .4042D+01   .8706D+02   .2462D+00   .5656D+00  -.4810D+00
 63   .3850D-04   .9095D+01   .7286D+01   .1475D-01   .5811D+00   .3233D+00
 64   .8289D-04   .1003D+03   .7248D+01  -.8020D+00   .6788D+00  -.5764D+00
 65  -.3045D-06   .9916D+01   .7231D+01   .8393D+01  -.8397D+00   .1013D+01
 66   .1909D-02   .2944D+01   .3747D-01   .3827D-01  -.2891D+00   .1574D+01
 67   .1410D-04   .4529D+02   .2065D+02   .6700D+00   .7525D+00  -.6036D+00
 68  -.2107D-02   .2195D+00   .1349D+00   .8100D+00   .1494D+01  -.1384D+01
 69  -.3576D-04   .7873D+00   .3708D+01   .2838D+01   .9732D+00   .1519D+01
 70   .5951D-03   .6955D+00   .1064D-01   .3320D-01  -.1972D+01   .2988D+01
 71   .1127D-02   .1357D+01   .1471D-01   .4321D-02  -.6078D+00   .6258D+00
 72  -.1047D-05  -.2296D+00   .2139D+01   .4514D+04   .4473D+00  -.4218D+00
 73  -.7926D-05   .5982D+02   .5448D+02  -.2394D+00   .4838D+00  -.7046D+00
 74   .3204D-06   .1873D+01   .4810D+04   .2736D-03  -.9221D+00   .7237D+00
 75  -.3417D-04   .6623D+00   .1704D+00   .1502D+02  -.2189D+01  -.2697D+00
 76   .3086D-04   .1498D-02   .1118D+03   .1095D+01  -.1592D+01  -.6281D+00
 77   .2358D-04   .2348D+02   .5323D+00   .1007D+00   .9292D+00   .1087D+01
 78  -.1872D-03   .2838D+01   .3067D+02   .1325D-01  -.1067D+01   .7472D+00
 79   .2618D-05   .1642D-02   .3176D+04   .3499D+01  -.1664D+01   .6992D+00
 80   .3517D-03   .1317D+01   .4962D+02   .3253D-01  -.1129D+01   .7224D+00
 81  -.6867D-04   .7109D+00   .1147D-01   .5183D+02   .3785D+00   .2132D+01
 82  -.2821D-05   .5620D+02   .2630D+02   .1349D+01   .9800D+00  -.8560D+00
 83  -.6121D-05   .1848D+01   .1018D+02   .2471D+03   .8882D+00   .5958D+00
 84   .6480D-03   .5887D+02   .1160D+00   .4451D-01  -.7000D+00   .1871D+01
 85  -.9335D-07   .3430D+01   .4787D+04   .1922D+01  -.1085D+01   .7609D+00
 86  -.1067D-04   .6451D-03   .7428D+01   .1124D+02   .1394D+01   .7842D-01
 87   .8096D-03   .4843D+00   .9758D+00  -.9505D-03   .1549D+00   .1863D+01
 88   .2345D-03   .1288D+02   .1187D+02   .2868D+00  -.6860D+00   .6661D+00
 89   .3939D-04   .1387D+02   .3107D+00   .8434D-01   .1137D+01  -.6413D+00
 90  -.1723D-03   .7496D+01  -.1243D-01   .1508D+01  -.9137D+00   .3789D+00
 91  -.3491D-04   .1147D+02  -.1003D-02   .1675D-01   .1061D+01  -.1625D+00
 92   .2287D-03   .1490D-02   .1791D+01   .3432D-01  -.4112D+00  -.1211D+01
 93   .2057D-04  -.2558D-02   .2345D+02   .1262D+02   .1281D+01  -.1041D+01
 94  -.1153D-03   .8301D+01   .1182D+01   .1275D-01   .1450D+00   .1543D+01
 95  -.2186D-03   .2738D+00   .4025D+01   .4541D-01  -.9957D+00   .1530D+01
 96  -.1609D-03   .8217D+01   .6886D+01   .1319D+01   .7774D+00  -.6840D+00
 97   .2161D-03   .3239D+01   .4290D+02  -.5172D-02   .2916D+00  -.7088D+00
 98  -.7638D-05   .1155D+01   .2327D+02   .1053D-01   .1157D+01  -.4067D+00
 99   .5391D-04   .1106D-01   .3609D+02   .8392D-04  -.4909D-01  -.6796D+00
100   .1972D-03   .3941D+01   .5405D+01   .7139D-02   .3280D+00  -.3922D+00
101   .1559D-03   .1044D+02   .1272D+01   .4375D-02  -.6190D+00   .1601D+01
102   .7523D-06   .2823D+01   .2262D+04   .1250D+00  -.1144D+01   .7677D+00
103  -.3430D-04   .6804D+01   .1138D+02   .1762D+00   .1331D+01  -.5051D+00
104  -.1402D-04   .6662D+00   .4482D+02   .1582D-02   .2870D+00  -.1183D+01
105  -.1852D-04   .2822D+02   .8689D+01   .1610D+01  -.5864D+00  -.1226D+01
106  -.2676D-04   .6193D+02   .2308D+01   .5866D+01   .7775D+00  -.1378D+01
107  -.5005D-04   .1073D+01   .5586D+02   .1635D+01  -.7471D+00   .5764D+00
108   .3455D-04   .2940D+02   .8605D-02   .1460D+01   .4461D+00   .1918D+01
109  -.3508D-03   .2252D+00   .6933D-02   .5680D-01   .2186D+01  -.1248D+01
110   .1210D-04   .4516D+04   .3704D+00   .2940D-01  -.6983D+00   .5738D+00
111  -.1020D-04   .8981D+00   .7998D+02   .8929D-04   .1255D+01   .5224D+00
112  -.3491D-04   .2045D-01   .1194D+02   .1373D-02   .7088D-01  -.2565D+00
113  -.2277D-03   .1468D+01   .4527D+01   .3586D+00  -.1766D+00  -.1662D-01
114   .3384D-04   .2018D+00   .2744D+03   .1627D-03   .1248D+01   .7051D+00
115  -.2666D-05   .3836D+03   .9748D-01   .4255D-01  -.6309D+00  -.4124D+00
116   .2201D-03   .1318D+01   .1285D+02   .5983D-03   .1131D+01   .7234D+00
117  -.3712D-03   .1960D+01   .1177D+01   .7281D+01  -.3614D+00  -.1048D+01
118   .3805D-02   .1184D+00   .1292D+00   .1569D-01   .1652D+01  -.1719D+01
119   .8694D-04   .7010D-01   .6611D-03   .1045D-01   .7731D+00  -.1156D+00
120   .3494D-03   .3099D+00   .6557D+01   .3465D-02  -.3471D+00  -.2498D+00
121   .8041D-05   .1865D+04   .6205D+01   .3589D-01  -.7012D+00   .6722D+00
122  -.5484D-04   .1356D+01   .1416D-02   .2497D-02   .1308D+01  -.4959D+00
123  -.2738D-04   .1267D-03   .2651D+02   .3510D+00  -.1059D+01  -.2296D+00
124  -.9766D-06   .6375D-02   .7638D+04   .7614D-01  -.9085D+00  -.7108D+00
125  -.3149D-04   .5671D+00   .3077D+01   .4546D+02   .1011D+01  -.1260D+01
126   .2702D-04   .2173D+02   .3420D+01   .2542D+01  -.3558D+00   .1309D+01
127   .2194D-05   .1548D-01   .2487D+04   .2001D-02   .2627D+00  -.6977D+00
128   .6351D-03   .4856D+00   .3679D+01   .1059D-01  -.1730D+00   .1116D+01
129   .4234D-04   .2037D+02   .6033D-01  -.1194D-01  -.5080D+00  -.7606D-01
130   .1935D-03   .5110D+01   .3455D+02   .7305D-02   .9224D+00  -.7403D+00
131  -.2027D-04   .1988D+02   .1008D+02   .2598D-01  -.4601D+00  -.1040D+00
132  -.2199D-03   .7623D-03   .6218D+00   .7864D-02   .7017D+00  -.3722D+00
133   .3348D-04   .7606D+02   .1400D+01   .2329D+00   .5589D+00  -.5457D+00
134  -.1013D-04   .7268D-05   .5029D+02   .3520D-02   .2272D+00   .5541D+00
135   .3848D-03   .1657D+01   .7306D-01   .2874D-02   .1315D+01  -.1370D+01
136  -.1334D-05   .1041D+03   .2164D+02  -.3456D-03   .8142D+00  -.2574D+00
137  -.1698D-05   .2093D+04   .3781D-01   .2055D-01   .7308D+00   .1942D+00
138  -.2965D-04   .5335D+01   .1524D-01   .7813D-04   .1748D+01  -.2552D+00
139  -.1161D-04   .6319D+02   .4200D+01   .1625D+01   .8844D+00  -.6333D+00
140  -.9625D-05   .2557D+01   .2209D+03   .9264D-03  -.1316D+01   .7614D+00
141   .3083D-03   .7836D+00   .7430D+00   .8819D-01   .1237D+01  -.1584D+01
 ---------------------------------------------------------------------------
 ENERGY=      -1.174469087011007   --->   ||g||^2 =   3.850768541959507E-006
 
 :BEGIN:
         141
           1   1.156585324919097E-001   3.554473989533638E-001
   5.177800273317114E-001   2.329710699797527E-002  -1.491747138105342E-001
  -5.521996679701889E-001
           2   1.561275095931559E-001   4.684657264975684E-001
   6.655025749765118E-001   1.407332597602480E-002  -6.187096105248792E-001
   5.200657972615490E-001
           3  -5.497743495541420E-002   6.136193036204142E-001
   7.224516545342603E-001  -2.545285721103556E-001   7.453396153605053E-002
   5.074955548115254E-001
           4   6.417204201195677E-002   8.269596905211500E-001
   7.936557841290389E-001   2.406655014796887E-002  -4.255682161963690E-001
   6.882285237398473E-001
           5   1.158848626861480E-001   7.868594835188855E-001
   5.320650978495048E-001   2.299922864540031E-002  -5.480764753397511E-001
  -5.036157655642689E-001
           6   3.432829963560869E-002   4.297872469337828E-001
        1.576482041635803   5.331379753476974E-002   5.370052354133819E-001
   6.610280883842082E-001
           7  -2.945222581102680E-002        1.180561890331382
   8.414929677564822E-001  -3.783765655080888E-001   5.669286379724827E-001
   1.463581801883125E-001
           8   3.433065766104320E-002   9.571483232066498E-001
        1.569250678466406   3.349293430026201E-002   6.144115951771958E-001
  -6.476950988782733E-001
           9   1.866119587364596E-002   6.109869471508969E-001
        2.629316902482974   2.727244847164881E-002  -5.073379770660915E-001
   6.867610771985022E-001
          10  -3.866165429846491E-003        1.754274256571783
        1.444974399654521       -1.382429970619528  -1.220533995925578E-001
  -6.272210859593953E-001
          11   3.880358350662666E-002        1.245630595461075
   8.098928144913052E-001   3.695415163464287E-002  -6.090824164792590E-001
  -5.502841883836326E-001
          12   8.101581938222819E-004   5.139737186147071E-001
       10.781298638637490  -6.315608770812775E-002   2.068422150022324E-001
  -7.020083567267085E-001
          13  -5.900488484017491E-005        9.294483872411817
        1.382977508352062       -9.018750040499942   1.390174152308746E-001
        1.948577560149423
          14   6.907672109149503E-002   5.509645273353061E-001
        1.172489727779492  -2.249410664722814E-003   6.533122646555770E-001
  -7.101136758951019E-001
          15   1.724800332332148E-004   5.204136300376459E-001
        6.013765180453296  -2.085488994938073E-001        1.832816453960827
  -6.931581833154055E-001
          16   6.878350643041281E-003        4.049211767979206
   3.611981449899676E-001   1.516062711883070E-003  -6.964855260020314E-001
   6.015654593281622E-002
          17   8.941016450243330E-002   9.807151513545158E-001
   3.126480002900429E-001   4.593913985720505E-003  -5.700560638478881E-001
   1.740534980583265E-002
          18   4.302173047670603E-005   4.605999397427069E-001
       30.069875667041430  -4.026937300474555E-001       -2.451459701069105
   7.032710669690920E-001
          19   2.106471203022543E-002   5.197078041364872E-001
        1.200766220434429   7.127082408897126E-002   5.226687686161944E-001
  -1.871215844128350E-002
          20  -3.476271975722634E-003        1.550575608811140
   7.525839315067682E-001       -1.238637902579225  -5.364752970707859E-002
        1.593968416874483
          21   2.404348576564743E-004       13.354243952164900
        1.058547050951068  -1.152305188418107E-002   7.001597364777934E-001
  -7.786388103626356E-001
          22   1.575891639588346E-003   6.956847453479212E-001
        5.396800064048831   2.895084417893296E-001   6.752408246346645E-001
   6.937761092274718E-001
          23   4.103191952598264E-003        1.381881483708622
        3.173234147082245   1.984341005274706E-002  -6.506557627200027E-001
   6.900165354555934E-001
          24  -2.982480623398389E-004        4.186302941112603
        1.155807313672453       -3.800612004149772   2.357504009248540E-001
       -1.104803230474259
          25   2.324126590024089E-004        5.594779050156428
        2.042119134402819   2.908031492513371E-001  -7.064786171704345E-001
  -6.680186698642882E-001
          26  -1.150236829529938E-005       22.439837500561420
        1.031828155408177      -22.439216141962180  -9.499375926260261E-001
   5.033742071642339E-001
          27   4.644458760173990E-003        2.254695992344003
        1.186092976795433   1.817465668372656E-001  -6.692669219905162E-001
  -6.058653738367289E-001
          28   1.957584579472913E-002   4.010406225062869E-001
        1.800925567518527   5.091590593408015E-003  -8.261781237290736E-001
   6.563872108360530E-001
          29   7.220959761143419E-003   5.779078949604262E-001
        2.621790396028511   8.476089099175116E-002  -7.613154864299607E-001
  -6.837718238194096E-001
          30   2.229721819531259E-006      165.289366311124400
   5.419639457577693E-001  -5.581046547371038E-004   7.007035921410292E-001
  -6.010452185454744E-001
          31   1.911049037302243E-005       20.895323491782830
        1.069193700447738  -1.020278683473771E-001   6.916153904627304E-001
   9.760597885730465E-002
          32  -1.857195252985507E-005        7.493959742149233
        3.349805612789794       -5.409656946802643   6.827347192990944E-001
  -5.302481797188147E-001
          33   8.198350719012185E-004        1.018741716061073
        2.277874463534650   1.794271475601477E-003   8.991097411536476E-001
   8.312627432625716E-002
          34   9.475908394650252E-007        2.865649016008459
       10.551317384072460  -4.168533945483907E-001        1.040546803807510
       -1.067070475881485
          35  -1.054571379900868E-007   9.499852856291358E-001
       76.699512983915680  -7.790569123870006E-002  -4.506651818312423E-001
   7.203272638216864E-001
          36  -1.993516679296552E-002   4.450080131844302E-001
   5.019085345806843E-001  -1.780961347363714E-001        1.193260112182804
  -2.159265878811784E-001
          37   2.034787618177881E-002   5.832208417643149E-001
   2.360514172820224E-001  -1.880652707246921E-003  -3.240068224331344E-001
   8.698874436010537E-001
          38   7.668732711471516E-003        2.200635939693908
   2.664260304071364E-001  -1.654423375108536E-003   7.044675580706020E-001
   7.590449948811467E-002
          39   8.517189355390439E-004   3.584004065442321E-001
        2.580794913443975  -2.527334443256568E-001        1.892498357419275
   4.775186462815793E-001
          40   7.744619208886491E-006        9.589854997972756
        4.837376958628801   8.155832396245667E-002   6.876361502632641E-001
  -6.886878742247130E-001
          41  -8.324838634949862E-005        3.222496352000658
        3.154062976314267       -3.180952103384658   4.508957079489808E-001
  -8.564032191664449E-001
          42  -1.281134402826523E-004        4.036258146592708
        2.630646043925298       -2.525296428875828  -5.111548181483440E-001
  -5.618159405830138E-001
          43   9.783782019328208E-006   4.087102898338810E-001
       62.295397371890120  -2.108162232157738E-001  -1.271049719841281E-001
   7.051015202685610E-001
          44  -4.054790123700608E-006       10.092333062645650
   4.682887261929958E-001      -10.005901435788620   9.967997803456126E-001
        1.426895213801564
          45   4.961857481924021E-004        8.392759136149977
   3.294471227180441E-001  -8.304447905649734E-003  -6.961688445763952E-001
       -1.547736359397409
          46   6.782560082203723E-003   3.059627791278969E-001
   3.180773010567008E-001   1.817307465240095E-002   1.965972672758111E-001
   7.252973047234442E-001
          47   1.698025868914223E-003        2.114627338768639
        1.848373559549991  -1.015803581382713E-001  -8.096479204405673E-001
   7.808853883593546E-001
          48   1.438656493645334E-005        1.821744176837050
   4.049833574892489E-001   2.861646019839850E-002        2.112284877900829
   2.508629772172760E-001
          49  -2.425354147460381E-005        2.012600332891577
        3.778003466946983  -8.883056151975049E-003  -8.328978795590567E-001
  -9.330890301949917E-002
          50   1.058339179332478E-004       20.729736097863820
   3.306372980138105E-001   3.510445654271893E-002  -6.951232106027881E-001
  -5.328225019954093E-001
          51   6.129760943330987E-005       13.719069283961240
        1.322213955141148  -9.589558790020455E-002  -7.046917580284439E-001
       -1.021487277595517
          52   3.083820355918048E-003   7.404038738801452E-001
        5.243973852547939  -1.418512014271046E-002   5.667945966023702E-001
  -6.973160668542988E-001
          53   3.580539411177880E-004        1.900868899291538
        1.500061139842607  -1.002373143018544E-001       -1.309825685100428
  -3.099242828056775E-002
          54  -1.127893676401975E-003        2.324115018370674
        1.037793244079875  -3.784156689445581E-001  -5.492177106008580E-001
        1.228670145836055
          55  -6.159979335986929E-004        3.011254569230598
   8.053766970330736E-001       -2.849724729629666  -2.250301291881171E-001
   2.014238790627976E-001
          56   8.967528268802019E-005       25.056815840388760
   7.340745052921236E-001  -6.014207551148598E-003  -7.010080946966146E-001
        1.093106375490567
          57   1.031439674838977E-002   6.957978718094108E-001
   3.644996223747378E-001  -3.398756360899551E-002  -1.492449259727871E-002
        2.610171981050701
          58   1.836086563403502E-004        2.331886874367758
        3.255707545322576  -4.018603231527988E-002  -8.727630074425071E-001
  -6.282120353607767E-001
          59  -1.222012155812154E-004   7.822862102623542E-001
        1.303161530541062  -7.911613412379108E-001        1.557024350283162
       -1.512798022751446
          60   4.995112946344577E-006   2.178873401847905E-001
       24.254302461808850  -2.150711887928028E-001        1.644068125478029
   7.154287315085355E-001
          61  -5.487547787020632E-005        2.954502985178030
        2.426348637070311  -2.200183884024206E-002   1.546233243066620E-001
        1.337930337147960
          62  -4.277180684492406E-006        2.070759963398497
        9.343118926103690  -1.188775898571475E-001   5.655795611904947E-001
  -4.809768001425394E-001
          63   3.849925937466007E-005        3.018260566631239
        2.702024754847137  -4.886019708741578E-003   5.810500109226393E-001
   3.233029399819974E-001
          64   8.288912759506750E-005        9.975016286776107
        2.537652318367792   8.040441601043527E-002   6.787639896639217E-001
  -5.764087522766886E-001
          65  -3.044739372042096E-007        4.278867757055130
        3.431704490301601       -1.961397728516860  -8.397255328422916E-001
        1.013037456996740
          66   1.908577922520979E-003        1.726838583088715
   2.743214460117104E-001  -2.216258206502243E-002  -2.890658099479024E-001
        1.573990120674967
          67   1.410077944798087E-005        6.779691477708295
        4.615972510871541  -9.882794748845022E-002   7.524965419055746E-001
  -6.035626569056287E-001
          68  -2.107257653462233E-003        1.014625485566222
   5.546494962798578E-001  -7.982768423431336E-001        1.493506859425880
       -1.383897445534488
          69  -3.575932354317367E-005        1.903909747937316
        2.079413288872990       -1.490370837477721   9.732376257661236E-001
        1.518696458052377
          70   5.950502487554327E-004   8.536108598916218E-001
   2.057394791516891E-001  -3.889497909082409E-002       -1.971952903553428
        2.987840431692917
          71   1.127226984066077E-003        1.166683796116885
   1.378852237225894E-001  -3.703557589251669E-003  -6.078267106226845E-001
   6.258403392933590E-001
          72  -1.047482021881895E-006       67.187445157847560
        1.381671945968179      -67.190862081872870   4.472723761035299E-001
  -4.218055638385692E-001
          73  -7.926080194660628E-006        7.719053195256894
        7.364805940803255   3.101788325155735E-002   4.838190166800130E-001
  -7.045892873557630E-001
          74   3.204075542708751E-007        1.368715009638359
       69.353472896592730  -1.999291400329143E-004  -9.221385050633791E-001
   7.236625659126857E-001
          75  -3.416854521198862E-005        3.960504405397025
   8.970771374337184E-001       -3.793279135194179       -2.189363624727062
  -2.697479208641225E-001
          76   3.085941314969130E-005        1.047279096335757
       10.574786575646210       -1.045848710764709       -1.592123844481602
  -6.281436984970450E-001
          77   2.358261117193752E-005        4.856291028380827
   7.953129445777393E-001  -2.073081074651756E-002   9.292313528545718E-001
        1.087018495696453
          78  -1.872135124988599E-004        1.688616347556248
        5.539256754335355  -7.843921514422415E-003       -1.067169493917098
   7.471923730218728E-001
          79   2.617632808133853E-006        1.871094740056349
       56.356697080243300       -1.870217278058334       -1.663700280161078
   6.992104397723196E-001
          80   3.516599846340539E-004        1.161755753833304
        7.046666720540463  -2.799955386884385E-002       -1.128640942141404
   7.223863024452091E-001
          81  -6.866804163613554E-005        7.248726552113875
   8.442480444345276E-001       -7.150653145568827   3.785225501742697E-001
        2.132176714470909
          82  -2.820571798357748E-006        7.585960198189287
        5.255103695221428  -1.778390416584819E-001   9.800419710650908E-001
  -8.559785524994698E-001
          83  -6.121277183153239E-006       15.776718813321260
        3.465707253635922      -15.659607254245670   8.882291476982013E-001
   5.957901825118388E-001
          84   6.479714475840893E-004        7.675851670491099
   4.006244793218536E-001  -5.799355355937862E-003  -6.999760916145823E-001
        1.870862373308200
          85  -9.334713806280244E-008        2.313490051792899
       69.196230057622030  -8.308094006313035E-001       -1.084771789351186
   7.608689146174350E-001
          86  -1.067233281176614E-005        3.352537140239619
        2.725565046721233       -3.352344726858449        1.393940884348409
   7.842012345844796E-002
          87   8.095691712408770E-004   6.952616883325822E-001
   9.873348679596673E-001   1.367180121513777E-003   1.549391016831549E-001
        1.863459983063562
          88   2.344756417092826E-004        3.628185784697605
        3.485626618566901  -7.904296635501623E-002  -6.859810773027270E-001
   6.660995881496851E-001
          89   3.939495366726341E-005        3.735277182117888
   6.281174249611203E-001  -2.257933721572143E-002        1.136786079249443
  -6.413423225108428E-001
          90  -1.722861313535531E-004        3.000750067346884
        1.114939104904730  -5.025721672877948E-001  -9.136722865396606E-001
   3.788795003516754E-001
          91  -3.491044973143906E-005        3.389276448927631
   1.253761180513292E-001  -4.941106910761245E-003        1.060957908684468
  -1.625228617270261E-001
          92   2.287161593155482E-004   1.892243930307475E-001
        1.338897898636649  -1.813495027303085E-001  -4.111561175216600E-001
       -1.211369036433858
          93   2.057364059073469E-005        3.551947263655317
        4.841999388639652       -3.552667464359163        1.280825275114974
       -1.041371658540963
          94  -1.153361932441665E-004        2.883389484965695
        1.092946923305242  -4.421386248000532E-003   1.450350829686379E-001
        1.542861312555782
          95  -2.185524808305624E-004   5.649682532949679E-001
        2.016029593583439  -8.038444729275390E-002  -9.957261221949056E-001
        1.529605072805329
          96  -1.609348285527645E-004        3.087912851556053
        2.832372908793285  -4.269955571834015E-001   7.773807088135619E-001
  -6.839813684273662E-001
          97   2.161032546976631E-004        1.798209151651460
        6.549386128295923   2.875967599250339E-003   2.916399314781140E-001
  -7.088274317933776E-001
          98  -7.637942781830545E-006        1.079392019619331
        4.824585787823903  -9.758836411556660E-003        1.156979601654799
  -4.067289104825240E-001
          99   5.390907949472583E-005   1.055762249126555E-001
        6.007410320653093  -7.949219257210064E-004  -4.909096348064285E-002
  -6.796156739413367E-001
         100   1.972242420763277E-004        1.986983448452022
        2.326344278356493  -3.592929879697138E-003   3.279546521340113E-001
  -3.922430722865099E-001
         101   1.558859358178423E-004        3.232040213139802
        1.129710786222314  -1.353677280988510E-003  -6.190322196708835E-001
        1.601135703420698
         102   7.523117547995018E-007        1.716993269314158
       47.566611039421540  -7.280065940118334E-002       -1.144446705493606
   7.677069992395237E-001
         103  -3.429518665095378E-005        2.642089231794630
        3.399124207087369  -6.667354044387754E-002        1.331245803732786
  -5.050654536669342E-001
         104  -1.402445119369153E-005   8.171739165018550E-001
        6.695131955145629  -1.936300456430488E-003   2.870022679960284E-001
       -1.182529949871919
         105  -1.852261344376680E-005        5.461298720909027
        3.195683129703411  -2.947847919694078E-001  -5.863605372203173E-001
       -1.226419242453903
         106  -2.676430555349937E-005        8.233797867003638
        2.768793032874445  -7.123887467398616E-001   7.774790449900706E-001
       -1.377808805738279
         107  -5.004500659471794E-005        1.645599747799587
        7.516992358344641  -9.934640506495336E-001  -7.471420746095503E-001
   5.763521069766432E-001
         108   3.454927460293528E-005        5.554809695933868
        1.182839135719243  -2.627528634418469E-001   4.461003479948907E-001
        1.917906860953224
         109  -3.507739260923063E-004   5.310248352834488E-001
   2.286692039920444E-001  -1.069570622271050E-001        2.186061912733049
       -1.248372005435424
         110   1.210373117919398E-005       67.200802930461360
   6.323256043629157E-001  -4.374698378449804E-004  -6.982936696872178E-001
   5.737648899019691E-001
         111  -1.019812132208165E-005   9.477217529617169E-001
        8.943038065492566  -9.421470920962842E-005        1.254541370827998
   5.224313838231096E-001
         112  -3.491370442483756E-005   1.477252007151969E-001
        3.456104831232785  -9.296284019903220E-003   7.088202924266449E-002
  -2.564765868821028E-001
         113  -2.276698140355330E-004        1.351484875301979
        2.194272756397285  -2.653329088186497E-001  -1.766261812097291E-001
  -1.662361709592296E-002
         114   3.383931437138189E-005   4.494243077591490E-001
       16.566229330833290  -3.620198728611735E-004        1.248091203940914
   7.051387251695573E-001
         115  -2.666197903883143E-006       19.587763814426850
   3.741978436287766E-001  -2.172395901821647E-003  -6.309111847816831E-001
  -4.124317046930631E-001
         116   2.201300758374005E-004        1.148462836709535
        3.584979494088686  -5.209955277862710E-004        1.130944110708480
   7.234029644256933E-001
         117  -3.711969184916509E-004        3.039776751466870
        1.649477787736028       -2.395113014614159  -3.614366422685524E-001
       -1.048009428313729
         118   3.804846302169558E-003   3.662173589929623E-001
   3.781748023359953E-001  -4.283276647162000E-002        1.652466739178347
       -1.718914513824966
         119   8.693929228548052E-005   2.838181003781065E-001
   9.877967953577357E-002  -3.682865155973492E-002   7.730667416797914E-001
  -1.155855458517995E-001
         120   3.494301187712293E-004   5.598289375653877E-001
        2.561332672420524  -6.189449750366552E-003  -3.471155989846788E-001
  -2.498024353706804E-001
         121   8.041281005047563E-006       43.187056720765190
        2.498125677369437  -8.310403417904689E-004  -7.011669684709583E-001
   6.721739098148665E-001
         122  -5.484485773405169E-005        1.165624520455467
   6.251799812990426E-002  -2.141848870644631E-003        1.307771596420012
  -4.958846292901261E-001
         123  -2.738229058741050E-005   5.925477202881638E-001
        5.148677097562426  -5.923338863816441E-001       -1.058881284881056
  -2.296410996647693E-001
         124  -9.766170319802979E-007   2.872585655502698E-001
       87.396718066548700  -2.650659453106327E-001  -9.085055796791119E-001
  -7.107544444298075E-001
         125  -3.149111178387399E-005        6.784147052919986
        1.907174886099835       -6.700550023132870        1.010569415699176
       -1.259870858564735
         126   2.701740583764169E-005        4.926338587951690
        2.386518958084151  -5.160382291467811E-001  -3.557594510160160E-001
        1.308956751057393
         127   2.194258291451640E-006   1.322186819999241E-001
       49.874710308832350  -1.513598118541573E-002   2.626688920936140E-001
  -6.976686095810952E-001
         128   6.350628090054976E-004   7.043800886178642E-001
        1.920712739281832  -1.503515035447165E-002  -1.730322067246292E-001
        1.116186732985286
         129   4.233954641543100E-005        4.511906314997452
   2.199528580809730E-001   2.646882835828748E-003  -5.080004388196794E-001
  -7.606139704537315E-002
         130   1.935339280751795E-004        2.262223843554112
        5.878219370079556  -3.229074802724473E-003   9.224471487179589E-001
  -7.402594583312528E-001
         131  -2.027306060590893E-005        4.462138593204311
        3.178923457889369  -5.823409180932500E-003  -4.601041996458846E-001
  -1.040218016122960E-001
         132  -2.198883464641812E-004   9.287941697951432E-002
   7.889768770244202E-001  -8.467178408762612E-002   7.016688656946597E-001
  -3.721797573031114E-001
         133   3.347557162599797E-005        8.734651647816218
        1.277647527859645  -2.666951378941833E-002   5.588934608125541E-001
  -5.457491041150208E-001
         134  -1.012917633956012E-005   5.938804034834273E-002
        7.091775771231173  -5.926566470448871E-002   2.272091195141168E-001
   5.540918571435614E-001
         135   3.848453862423418E-004        1.288543130279080
   2.755567556165861E-001  -2.230047716656404E-003        1.314802576743798
       -1.369704592086904
         136  -1.334171976499398E-006       10.201564856893780
        4.651565708953700   3.387548067505037E-005   8.141945313080033E-001
  -2.574033871850545E-001
         137  -1.697596578319280E-006       45.745010168985920
   2.415801000636413E-001  -4.492357813295133E-004   7.307792163286268E-001
   1.942493336221357E-001
         138  -2.964717829658357E-005        2.309882359670899
   1.237624844364305E-001  -3.382632554745452E-005        1.748175468351686
  -2.552386577779173E-001
         139  -1.160891386463280E-005        8.051072919583543
        2.405096847504249  -2.018531481136165E-001   8.844073298954943E-001
  -6.332831793377045E-001
         140  -9.625185710907862E-006        1.599419028882058
       14.862608457856340  -5.792120863986157E-004       -1.316068157850644
   7.614377178926536E-001
         141   3.083265104070605E-004   9.336843234407650E-001
   9.068028999477851E-001  -9.445368886334452E-002        1.237083118165233
       -1.584093094300013
 :END:
 
