      LinCoeff:.   AA1:        AA2:        B12:        RZ1:       RZ2:
 FNC: ======================================================================
  1   .2288D+00   .1893D+00   .2746D+02   .1283D+00   .9873D+00  -.7072D+00
  2   .5327D+00   .2440D+00   .1581D+02  -.3809D-01   .5036D+00  -.6913D+00
  3   .9348D+00   .2234D+01   .7890D+00  -.8165D-01   .6864D+00  -.2961D+00
  4   .1385D+01   .5689D+00   .3501D+00   .1660D+00  -.7131D+00  -.6571D+00
  5   .1182D+01   .1637D+00   .2316D+00   .2242D-02   .8651D+00  -.7787D+00
  6   .1179D+01   .4808D+00   .4331D+00  -.5074D-02   .9033D+00  -.7978D+00
  7   .1416D+01   .1888D+01   .1095D+01  -.1839D-01   .6022D+00  -.7207D+00
  8   .1421D+01   .1103D+00   .6014D+00   .4602D-02   .1584D+00  -.7377D+00
  9   .1019D+01   .1080D+01   .2293D+01   .7554D-02  -.6607D+00  -.5001D+00
 10   .9861D+00   .2070D+01   .5565D-01   .5660D-02   .6292D+00  -.2107D+00
 11  -.3893D-04   .1027D+01   .8470D-01  -.7634D-01   .9773D+00  -.1070D-01
 12   .1244D+01   .3529D+00   .1068D+01  -.6545D-01   .7567D+00   .5857D+00
 13   .6224D+00   .4324D+01   .2179D+01  -.3588D-01   .6654D+00  -.6922D+00
 14   .1515D+01   .4408D+00   .1012D+00  -.8538D-02  -.1629D+00  -.8476D+00
 15   .1137D+01   .3165D+00   .8088D+00   .3579D-01   .9289D+00  -.7059D+00
 16   .1030D+01   .2883D+01   .1141D+01   .1991D+01  -.5921D+00  -.4367D+00
 17   .6393D-01   .5686D+01   .7510D+01   .3323D+00   .8036D+00  -.7240D+00
 18   .1179D+01   .1184D+00   .1084D+01  -.1400D-02   .2662D-01  -.6386D+00
 19   .1251D+01   .6140D-01   .8817D+00  -.1378D-02   .5119D-01  -.5492D+00
 20   .1380D+01   .1827D+00   .4130D+00  -.1165D-01   .8091D-01  -.6912D+00
 21   .1306D+01   .2270D+00   .2578D+01  -.2146D-01  -.4028D+00  -.5409D+00
 22   .2990D+00   .2309D+01   .1081D+00   .3600D-01  -.6862D+00  -.1755D+01
 23   .1404D+01   .3388D+00   .1810D+00  -.1987D-01   .1763D+00  -.1756D+00
 24   .1178D+01   .2045D+00   .5248D+00   .8689D-02   .8715D+00  -.8826D+00
 25   .1135D+01   .1306D+00   .1384D+01  -.8228D-02   .7939D-01  -.1338D+00
 26  -.1072D+01   .1058D+01   .2794D+01   .2603D+01   .4039D+00   .5969D+00
 27  -.2180D+01   .1077D+01   .3316D+01   .2972D+00   .4762D+00   .6704D+00
 28   .1302D+01   .6457D-01   .3224D+00  -.1324D-03   .1777D-01  -.5533D+00
 29   .1493D+01   .6520D+00   .3325D+00  -.3008D-01  -.5873D-01  -.7925D+00
 30   .9785D+00   .1558D+00   .3031D+01   .3610D-02   .1092D+01  -.6145D+00
 31   .1561D+01   .1478D+00   .3412D+00  -.9091D-02  -.1017D+01  -.7398D+00
 32   .2744D+00   .7978D-01   .3814D+01   .7073D-01   .1050D+01   .4119D+00
 33  -.4208D-01   .1539D+00   .2847D+00  -.1699D-02   .9485D-02  -.4209D+00
 34   .1040D+01   .4935D+01   .2187D+00   .4295D-02   .7087D+00  -.2196D+00
 35   .1400D+01   .4086D+00   .8178D+00  -.9379D-01  -.2813D+00  -.6787D+00
 36  -.4235D+01   .2560D+00   .4956D+00   .3649D+00  -.6853D-01  -.6040D+00
 37  -.7607D-01   .7869D+00   .6486D+00   .2243D+02   .6706D+00   .2815D+00
 38   .6176D+00   .5713D+00   .2468D+01  -.1181D+00   .4450D+00  -.2654D+00
 39   .1128D+01   .5924D+00   .1057D+01   .2720D-01   .7710D+00  -.6721D+00
 40  -.4497D+01   .4674D+00   .1883D+00   .3332D+01  -.1054D+00  -.7085D+00
 41   .7345D-01   .4322D+01   .3210D+02   .3388D-01   .7010D+00  -.7054D+00
 42   .1193D+01   .4479D+00   .5650D+00   .1785D-01   .7591D+00  -.8422D+00
 43   .1064D+01   .5139D+01   .6230D+00  -.5563D-01  -.6613D+00  -.6176D+00
 44   .2019D+01   .1524D+00   .5400D+00   .3207D+01  -.5952D+00  -.3017D+00
 45  -.5350D+00   .3587D+00   .5254D+00  -.1200D+00   .5765D-01  -.1153D+00
 46   .1531D+01   .1520D+00   .2651D+00  -.3338D-02   .5249D+00  -.6989D+00
 47   .1126D+01   .1170D+01   .1356D+00   .2519D-02   .7223D+00  -.8308D+00
 48   .1576D+01   .4494D+00   .1733D+00  -.8264D-02  -.7537D-02  -.6852D+00
 49  -.1664D+01   .5982D+00   .1335D+01  -.2759D+00   .4241D+00   .4673D+00
 50   .1703D+01   .2295D+00   .4369D+00  -.1819D-01   .4859D+00  -.3183D+00
 51   .3234D+00   .2078D+00   .1603D+02   .1420D-02  -.9931D+00  -.6852D+00
 52   .7026D-03   .6522D+00   .6117D+00  -.3147D+00   .8186D+00  -.2391D+00
 53   .1406D+01   .2457D+00   .2391D+00  -.1359D-01   .4460D-01  -.6700D+00
 54   .1095D+01   .1156D+01   .5272D+00  -.7270D-01   .6869D+00  -.4668D-01
 55  -.2421D+01   .7163D+00   .4854D+00  -.8676D-01   .1009D+01  -.2112D+00
 56   .9166D-01   .6421D+00   .7028D+02  -.5993D-01  -.5656D+00  -.6984D+00
 57   .1755D+00   .1085D+00   .5550D+02  -.4715D-02   .5949D-01  -.6978D+00
 58   .1155D+01   .1257D+00   .7182D+00  -.3261D-02   .3367D+00  -.4326D+00
 59   .1216D+01   .1565D+01   .3159D+00  -.5764D-01   .5502D+00   .8832D-02
 60   .1393D+01   .2225D+00   .2454D+00  -.4671D-02   .8014D+00  -.3201D-01
 61   .4847D-01   .1701D+01   .2833D+01  -.2879D+00   .7931D-01  -.6259D+00
 62   .1228D+01   .2519D+00   .2412D+01  -.5433D-01   .7599D+00   .7207D+00
 63   .9681D+00   .4860D+00   .5123D+01   .4408D-01   .8063D+00  -.7199D+00
 64   .1288D+00   .6377D+02   .7693D+00  -.1462D+00   .6960D+00  -.5189D+00
 65   .1581D+01   .3330D+00   .8597D+00  -.6842D-01   .2792D+00  -.4380D+00
 66   .1347D+01   .2788D+00   .1838D+00  -.2053D-01   .1281D+00  -.7922D-01
 67   .1233D+01   .8361D-01   .5180D+00  -.1064D-02   .2902D+00  -.7128D+00
 68   .1234D+01   .1349D+00   .1784D+01  -.2378D-02   .2686D+00  -.6830D+00
 69   .4274D+00   .6592D+00   .1192D+02   .2016D+00  -.3908D+00  -.6946D+00
 70   .5597D-01   .3062D+00   .3356D+03  -.9346D-01  -.1155D+00  -.7001D+00
 71   .7963D+00   .8509D-01   .7606D+01  -.3625D-02  -.4429D-01  -.6854D+00
 72   .1465D+01   .2576D+00   .6634D+00  -.1795D-01   .7496D+00  -.5560D-01
 73   .1217D+01   .3210D+00   .1920D+01  -.5172D-01   .2967D+00  -.6261D+00
 74   .1200D+01   .4073D+00   .4907D+00  -.1601D-01   .8181D+00  -.9026D+00
 75  -.1919D-02   .9052D+00   .8921D+00  -.4487D+00   .7484D+00  -.1090D+00
 76   .8864D+00   .3777D+01   .1549D+00  -.1085D-02   .7440D+00  -.1869D+00
 77   .5601D+00   .7771D+00   .6710D+00  -.5422D-01  -.4230D-01  -.8207D+00
 78   .3441D-01   .5076D+01   .8703D+00  -.1636D+00  -.1099D+00  -.5376D+00
 79   .2303D+01   .4105D+00   .2299D+00   .3356D+01  -.3232D-01  -.4630D+00
 80   .6245D+00   .4528D+01   .5848D+00  -.6606D-01   .6525D+00  -.5174D+00
 81   .1570D+01   .1374D+00   .6219D+00  -.6547D-02   .5080D+00  -.2257D+00
 82  -.1447D+01   .2071D+00   .1586D+00   .1644D+00   .9443D+00  -.5504D-01
 83   .1381D+00   .2715D-01   .2448D+00   .7182D-02   .5761D-02  -.3290D+00
 84   .5077D-01   .6759D-01   .8255D+00  -.5576D-02   .7581D-02  -.8584D+00
 85   .6127D+00   .1336D+01   .3384D+01   .1611D-01   .2585D+00   .7362D+00
 86  -.6722D-02  -.4929D+00   .4012D+01   .6174D+00   .2156D+00  -.2667D+00
 87  -.1179D-02   .1308D+02   .1757D+02  -.5170D+01  -.4012D+00   .2713D+00
 88  -.1295D+01   .1020D+00   .2532D+00   .1050D+00   .3756D-01  -.8017D-01
 89   .1306D+01   .1113D+00   .1455D+00  -.8046D-02   .3386D-01  -.5621D+00
 90   .1116D+01   .3215D+00   .1391D+01   .2259D-01   .8326D+00  -.7075D+00
 91   .1027D+01   .1356D+01   .5378D+00  -.1394D+00  -.4956D+00  -.7089D+00
 92   .1240D+01   .1037D+00   .1030D+01   .4617D-02   .9333D-01  -.6327D+00
 93   .1151D+01   .2042D+01   .6411D+00   .1974D-01   .7396D+00  -.7750D+00
 94   .1473D+01   .2570D+00   .3171D+00  -.1947D-01  -.1528D+00  -.8222D+00
 95   .1578D+01   .3674D+00   .5214D+00  -.4714D-01   .2553D+00  -.6042D+00
 96  -.2652D+00   .1110D+01   .7817D-01   .1382D+01   .9002D+00  -.1042D+01
 97   .1692D+01   .1681D+00   .4807D+00  -.9803D-02   .6124D+00  -.2405D+00
 98   .5320D+00   .7871D+01   .3190D+00  -.2195D-01   .6531D+00  -.3116D+00
 99   .5476D+00   .1285D+02   .1072D+01  -.1759D-01   .6936D+00  -.6005D+00
100   .1371D+01   .1468D+00   .3891D+00   .3632D-02   .5434D+00  -.8068D+00
101  -.2689D+00   .6957D+00   .2311D+01   .1152D+00   .5505D+00   .5796D-01
102   .1439D+01   .7435D-01   .2799D+00  -.3423D-02   .7504D+00  -.1903D+00
103  -.3891D+00   .3472D+00   .9665D+01   .5008D+00   .2478D+00  -.6958D+00
104   .1883D-01   .2085D+01   .2778D+03  -.4928D+00   .2808D+00  -.6984D+00
105  -.1162D+01   .6525D+00   .8957D+00   .1071D+01   .7001D+00   .1467D+00
106   .1012D+01   .1389D+01   .1944D+00   .3375D-01   .7312D+00  -.1033D+01
107   .1262D+01   .7471D+00   .7528D+00  -.1290D-01   .6365D+00  -.6594D+00
108   .3583D-01   .3418D-01   .6067D+00  -.6679D-02   .2494D-01  -.7176D+00
109   .1387D+01   .3830D+00   .6074D+00  -.5375D-01  -.1228D-01  -.7774D+00
110   .2370D+00   .5071D+00   .1065D+01  -.6220D-01   .3116D-01  -.7278D+00
111   .4192D-01   .2433D+02   .7430D+01  -.3069D+01   .6867D+00   .7156D+00
112   .1262D+01   .9830D-01   .1735D+00  -.5052D-02   .3634D+00  -.5100D+00
113   .1265D+01   .6408D+00   .1888D+00  -.1628D-01   .6691D+00   .2825D-01
114   .1405D+01   .4052D+00   .6471D+00  -.6532D-01  -.4824D-02  -.8048D+00
115   .1144D+01   .2592D+00   .7200D+00  -.3383D-01   .5585D-01  -.6085D+00
116   .1628D+01   .4325D+00   .8530D+00  -.1035D+00   .2460D+00   .7209D+00
117   .1188D+01   .2627D+00   .3208D+00  -.3727D-01   .3826D+00   .2109D+00
118   .1110D+01   .1236D+00   .9543D+00  -.1203D-01   .1102D+01   .5712D+00
119   .1264D+01   .5171D+00   .1097D+01  -.1076D+00  -.9015D-01  -.7016D+00
120   .1123D+01   .1181D+01   .5534D+00  -.1175D+00  -.3099D+00  -.7276D+00
121   .1132D+01   .1366D+01   .3805D+01   .2410D+00   .5716D+00   .6827D+00
122   .1205D+01   .1381D+01   .2681D+00   .6225D-02   .6837D+00  -.7726D+00
123   .1334D+01   .2372D+00   .6008D+00  -.2868D-01   .6751D+00   .4705D+00
124   .1177D+01   .1086D+01   .4753D+00  -.1136D+00   .4074D-01  -.4716D+00
125   .1088D+01   .9479D+00   .1774D+01  -.1077D+00  -.6221D+00  -.6966D+00
126   .6057D+00   .1008D+01   .1143D+01  -.1328D+00   .3325D+00  -.4292D+00
127   .1241D+01   .5537D+00   .4063D+00  -.6157D-01   .2280D+00  -.4118D+00
128   .5743D-01   .1488D+02   .4322D+00  -.1607D+00  -.7504D+00  -.6606D+00
 ---------------------------------------------------------------------------
 ENERGY=      -1.174454036386178   --->   ||g||^2 =   4.834600128934057E-010
 
 :BEGIN:
         128
           1   2.288471945649782E-001   5.635899538799644E-001
        5.247272287151744  -2.276298255843923E-001   9.872831712299566E-001
  -7.072299810104018E-001
           2   5.326579935277814E-001   4.537584776656966E-001
        3.971074128886960   8.394546336353891E-002   5.036119055915465E-001
  -6.912836158557310E-001
           3   9.348021155690804E-001        1.467232640389539
   8.392106556912616E-001   5.565113593376016E-002   6.863635716836480E-001
  -2.961309773676787E-001
           4        1.384925661390868   8.572967674759211E-001
   6.918249391260822E-001  -1.936718238975033E-001  -7.130909835895390E-001
  -6.570941610445171E-001
           5        1.182289689391028   4.073331870704594E-001
   4.835098807723602E-001  -5.503096133228390E-003   8.650773939839733E-001
  -7.786653403474425E-001
           6        1.179306959470195   6.897191895441969E-001
   6.542026169167785E-001   7.356714231497382E-003   9.033354585603141E-001
  -7.977501939730994E-001
           7        1.416254861397001        1.367334858755553
        1.037594356992834   1.345066869505700E-002   6.021828933985098E-001
  -7.207472996357456E-001
           8        1.420627913300690   3.390461533514250E-001
   7.783233575228564E-001  -1.357430534292305E-002   1.584116134056132E-001
  -7.376636030215130E-001
           9        1.018967433468619        1.043067147142780
        1.516631762209245  -7.242238849391754E-003  -6.606517113874263E-001
  -5.001462030593487E-001
          10   9.860705228281329E-001        1.440820688541987
   2.475768237746416E-001  -3.928270167542987E-003   6.292054028585805E-001
  -2.107359379026907E-001
          11  -3.893106536955478E-005   9.749607401261167E-001
   4.720695965928642E-002   7.830281981760424E-002   9.772501106340117E-001
  -1.070171985026789E-002
          12        1.243903939414173   5.361596827110119E-001
   9.940033776893468E-001   1.220799401311462E-001   7.566500389471921E-001
   5.857360097307076E-001
          13   6.223524821750969E-001        2.070669193806471
        1.463669830195225   1.732782608490896E-002   6.653647961836913E-001
  -6.922218944256932E-001
          14        1.514695804285215   6.574546037042177E-001
   3.040943009965539E-001   1.298648964390729E-002  -1.628819956033311E-001
  -8.476470084758760E-001
          15        1.137091273522892   5.935411620568036E-001
   9.170534684696184E-001  -6.030167857449253E-002   9.289396240195712E-001
  -7.059455656426650E-001
          16        1.030483694920758        2.207713387559633
        1.522592343753818  -9.016575295658442E-001  -5.921192376698566E-001
  -4.366668547846509E-001
          17   6.392537750750009E-002        2.453321249975538
        2.797119134357005  -1.354469008760525E-001   8.036208680005210E-001
  -7.240360071214496E-001
          18        1.179058183413325   3.420469024901779E-001
        1.040646303917984   4.094345115028203E-003   2.661766381145813E-002
  -6.386412629263761E-001
          19        1.250750778869219   2.449933624969784E-001
   9.382370629398109E-001   5.626674069835394E-003   5.118984155831882E-002
  -5.491834988349041E-001
          20        1.379516628866599   4.136029407957535E-001
   6.329326627731011E-001   2.817107657453257E-002   8.090622911885720E-002
  -6.912132023060938E-001
          21        1.305989721042999   4.534008739183388E-001
        1.598147647939768   4.733246534719631E-002  -4.028302494474966E-001
  -5.409223959406322E-001
          22   2.990265110384970E-001       -1.531303636782319
   3.788245216083106E-001   2.351089670333199E-002  -6.861518219941707E-001
       -1.755438223523675
          23        1.403953982737850   5.647302277167854E-001
   3.998945525537597E-001   3.519133144745561E-002   1.762871055613599E-001
  -1.756332184737490E-001
          24        1.178109238616277   4.616738911592795E-001
   7.301298259837621E-001  -1.882139625306836E-002   8.715412896289196E-001
  -8.826073563038663E-001
          25        1.135153259635580   3.497898689953992E-001
        1.172819114715315   2.352202241093364E-002   7.938946424519663E-002
  -1.338005033672945E-001
          26       -1.071563339991264        1.913529146980826
       -1.883065790037783       -1.360557543748282   4.039306098459383E-001
   5.969379269596111E-001
          27       -2.180443582336996        1.172318276347419
        1.883732805107768  -2.534915779635561E-001   4.762269099643535E-001
   6.704061384475739E-001
          28        1.301623224257972   2.538537565112727E-001
   5.677176869223237E-001   5.213755814139748E-004   1.777162442009902E-002
  -5.532607677915467E-001
          29        1.493184796374601   7.886164378200655E-001
   5.486175804371771E-001   3.814565985828764E-002  -5.873339382655331E-002
  -7.924658610295376E-001
          30   9.784565785115297E-001   3.992095111737261E-001
        1.742122905769957  -9.043948195373351E-003        1.092064506212528
  -6.144780920354448E-001
          31        1.561031338741612  -3.724900570112769E-001
   5.758135527518165E-001  -2.440643215515756E-002       -1.016751128809048
  -7.398223407564348E-001
          32   2.744146629964619E-001   3.879512676730830E-001
       -1.962567536056673  -1.823053609793245E-001        1.050001830712307
   4.118825844352100E-001
          33  -4.207510837219434E-002  -3.901217075418331E-001
   5.319894354609815E-001  -4.356174948231112E-003   9.484657658332495E-003
  -4.208921936042352E-001
          34        1.040329598208669        2.222503256427293
   4.722439723337335E-001  -1.932646701039943E-003   7.086905299942490E-001
  -2.195793679222713E-001
          35        1.399571696218830   5.611101375946271E-001
   8.343350268707782E-001   1.671553491204083E-001  -2.813437059100764E-001
  -6.786828605198302E-001
          36       -4.234550610564862  -7.879401547899626E-001
   8.037811470902078E-001   4.630599908831972E-001  -6.852501658295664E-002
  -6.040165964832879E-001
          37  -7.607432291976393E-002        4.818134594761122
       -1.186960050001674       -4.654804383898927   6.706151631309733E-001
   2.814766895351534E-001
          38   6.176022543051219E-001   6.732372581881434E-001
        1.522951428154267   1.754163184153402E-001   4.450177530711647E-001
  -2.654445844275354E-001
          39        1.128149863286774   7.871322425963269E-001
        1.040856919232305  -3.455381344600578E-002   7.709645475238480E-001
  -6.720873768437492E-001
          40       -4.496821726320198       -1.949249333340124
   7.734035403219814E-001        1.709484384214709  -1.054375285343958E-001
  -7.084568022341512E-001
          41   7.345451563145941E-002        2.086969033041365
        5.668380564160641  -1.623358396637649E-002   7.009759196782858E-001
  -7.053810898008261E-001
          42        1.193331760590815   6.824875241757670E-001
   7.630125305499476E-001  -2.616029701153321E-002   7.590609307115260E-001
  -8.422311345351800E-001
          43        1.064225631031686       -2.254531312621884
   7.528277174521026E-001  -2.467366409719412E-002  -6.612871908351450E-001
  -6.175842287288543E-001
          44        2.019418089353497        1.832996917204245
   8.279469738519303E-001       -1.749847443180166  -5.952104092738239E-001
  -3.017020046765271E-001
          45  -5.350281861682480E-001   4.885588885791832E-001
   5.873862006476187E-001   2.456252599854252E-001   5.765337400243078E-002
  -1.153234798433000E-001
          46        1.530975939994146   3.855923607870811E-001
   5.115774031188426E-001   8.656918850474387E-003   5.249305928633569E-001
  -6.989309373331433E-001
          47        1.126251212270826        1.082828585148741
   3.716820791590265E-001  -2.325938626471499E-003   7.223217511730110E-001
  -8.308213175046637E-001
          48        1.576021645278212   6.641563054768633E-001
   4.060375327007982E-001   1.244304093964213E-002  -7.537276833141735E-003
  -6.852126879861146E-001
          49       -1.663817953992111   5.676735411733307E-001
  -9.071586726976391E-001   4.860570557176360E-001   4.241446737565146E-001
   4.673469500492250E-001
          50        1.703002400979220   4.596557993528710E-001
   6.458906284601308E-001   3.958138976101332E-002   4.858783868915519E-001
  -3.182519945202424E-001
          51   3.234479929011641E-001   4.573903475937812E-001
        4.003509946205097  -3.103582167601534E-003  -9.930601611045341E-001
  -6.852375421619716E-001
          52   7.025731712439515E-004   5.809435144699087E-001
  -5.903612580960926E-002   5.417670504015956E-001   8.185552409554934E-001
  -2.391308684618553E-001
          53        1.405614159540159   4.817764558315846E-001
   4.740320834320278E-001   2.820787697262061E-002   4.460128392331485E-002
  -6.700296679897790E-001
          54        1.094612666544186        1.040701211478389
   6.705409479785919E-001   6.985790643360661E-002   6.868573179309102E-001
  -4.668471103217694E-002
          55       -2.421132623481337   7.934483150702643E-001
  -6.218334050765266E-001   1.093414747765987E-001        1.008771171361361
  -2.111892292791524E-001
          56   9.166281707447239E-002   7.629994046601470E-001
        8.379370410396602   7.854425100565621E-002  -5.656170953024471E-001
  -6.983753767415403E-001
          57   1.754911877932885E-001   3.221095066656591E-001
        7.449229720256295   1.463912708080254E-002   5.949290125262082E-002
  -6.978298571693536E-001
          58        1.154995339030638   3.498906305522146E-001
   8.455129489642758E-001   9.318865300954037E-003   3.367439326321291E-001
  -4.326321696381398E-001
          59        1.215827247930095        1.227941475456394
   5.059871734601761E-001   4.693897010560215E-002   5.501574552120480E-001
   8.831609102331210E-003
          60        1.392835554935344   4.667042793316558E-001
   4.905112831532683E-001   1.000937753136873E-002   8.014356693745443E-001
  -3.200887191888770E-002
          61   4.847110709653939E-002       -1.188821332820485
        1.576855027195837  -2.421673437442575E-001   7.930971784524935E-002
  -6.258511314581834E-001
          62        1.227674106991762   4.445355978777718E-001
        1.530755382274643   1.222247426819947E-001   7.599183657623131E-001
   7.207357424074278E-001
          63   9.680752607288622E-001   7.280552432910251E-001
        2.272308730467429  -6.054675206676374E-002   8.063316105133095E-001
  -7.198674659891721E-001
          64   1.287531804064162E-001        7.976250256342845
   7.891082364444214E-001   1.833343515570163E-002   6.959583642512149E-001
  -5.188841473952343E-001
          65        1.581120171399242   5.143773492987576E-001
   8.795556138042660E-001   1.330206512058487E-001   2.792070166738093E-001
  -4.380185779139585E-001
          66        1.347273446493537   5.081964728610752E-001
   4.020928468463422E-001   4.039392890095340E-002   1.281328607541421E-001
  -7.921530124078718E-002
          67        1.232603413413541   2.873141301386260E-001
   7.189778774883654E-001   3.703923882614765E-003   2.901591307009081E-001
  -7.128246331645172E-001
          68        1.233667337167751   3.640941443923109E-001
        1.334629516111079   6.531350224857567E-003   2.686217866606025E-001
  -6.829885970276507E-001
          69   4.273953583122061E-001   9.277669353538843E-001
        3.475061709103025  -2.172975532449439E-001  -3.908242387052456E-001
  -6.946472870330703E-001
          70   5.597232768544411E-002   4.612616965526757E-001
       18.315931996566820   2.026282228166627E-001  -1.155383581672501E-001
  -7.001431063878167E-001
          71   7.962761311071122E-001   2.854139689073399E-001
        2.757288876290005   1.270167183645561E-002  -4.428841740644789E-002
  -6.853716079177996E-001
          72        1.464587687179599   4.895883281214374E-001
   8.025503881785141E-001   3.666715824326708E-002   7.495972861305100E-001
  -5.560214925850306E-002
          73        1.217457882658389   5.189466716742350E-001
        1.363375505658097   9.966714284627866E-002   2.967357766148009E-001
  -6.261249851350846E-001
          74        1.199593460977498   6.255526258406869E-001
   6.884920244443552E-001   2.560088875022071E-002   8.181029256645417E-001
  -9.025899909338588E-001
          75  -1.919326242865159E-003   6.756090300266029E-001
   4.755224954800495E-002   6.641717530599953E-001   7.483701675569948E-001
  -1.090301811993508E-001
          76   8.864267973455069E-001        1.943160875188980
   3.922336919957628E-001   5.581800627626236E-004   7.440438693197327E-001
  -1.868702211938587E-001
          77   5.600910360285732E-001   8.502527435039261E-001
   7.827325254295338E-001   6.376930081758178E-002  -4.230401264415417E-002
  -8.207214710343400E-001
          78   3.441115080893947E-002       -2.216489338027175
   8.374183525799629E-001  -7.379997222664583E-002  -1.098786307252965E-001
  -5.375633416059831E-001
          79        2.303104126597640        1.940819654666131
   7.717733524351098E-001       -1.729310004960138  -3.231637025245852E-002
  -4.629608903225875E-001
          80   6.244739781991929E-001        2.112241861886824
   7.195583244347045E-001   3.127361413634945E-002   6.524521747558172E-001
  -5.173954941176728E-001
          81        1.570143442306146   3.617771190326680E-001
   7.842199715766404E-001   1.809695669823297E-002   5.079616613810343E-001
  -2.257485403949484E-001
          82       -1.447273999533585   6.095124539652205E-001
  -5.002501322112616E-001  -2.697190281645462E-001   9.442930287271394E-001
  -5.503558179538895E-002
          83   1.380579697775775E-001   1.852773447830672E-001
   5.004467809006943E-001  -3.876415950255611E-002   5.760696488027881E-003
  -3.289740291656066E-001
          84   5.076687141220856E-002   2.490357281660627E-001
   9.051960766438039E-001   2.238959987508457E-002   7.580852171950410E-003
  -8.583704823402274E-001
          85   6.127266176923333E-001        1.162847387541562
        1.843880828325013  -1.385047708496678E-002   2.584858357849040E-001
   7.361572277199453E-001
          86  -6.722362063308406E-003  -3.528044331290635E-001
        1.252037144334206        1.749899274168461   2.155797672601919E-001
  -2.667203284175297E-001
          87  -1.178579225483952E-003       -2.812032613329346
       -3.003672510512010       -1.838402869773866  -4.011710822811711E-001
   2.713000040092941E-001
          88       -1.294642410714999  -4.549816693488771E-001
   5.522084823162052E-001   2.308200578248132E-001   3.756372460963992E-002
  -8.016649507802828E-002
          89        1.306179889073787   3.212815002165090E-001
   3.699010802220257E-001   2.504421392611665E-002   3.386258004128036E-002
  -5.621314445035556E-001
          90        1.115719148927375   5.865487303311696E-001
        1.188461473450966  -3.851139643278083E-002   8.325993710898177E-001
  -7.074512088052601E-001
          91        1.027336210253036        1.102835698151796
   6.183393720097846E-001   1.264242852518328E-001  -4.955853501831867E-001
  -7.089497685218456E-001
          92        1.240389093858064   3.290993212758435E-001
        1.016896968049247  -1.403060659961261E-002   9.332923439997747E-002
  -6.327062213434030E-001
          93        1.150784176191754        1.435965701745369
   8.128083167869477E-001  -1.374993918056512E-002   7.395805252751955E-001
  -7.750137954062313E-001
          94        1.473227543216728   4.873464880459328E-001
   5.440891403753686E-001   3.995286903506225E-002  -1.527636601952954E-001
  -8.221899013403318E-001
          95        1.577633058383862   5.659037402081615E-001
   6.836021552651375E-001   8.329853590990037E-002   2.552955811252485E-001
  -6.041594385340098E-001
          96  -2.652237652868887E-001        1.578635321028239
   8.329088652562031E-001  -8.756341194169418E-001   9.002075030761204E-001
       -1.041927977178558
          97        1.692433597981772   3.978848325527099E-001
   6.857629400811293E-001   2.463679410423171E-002   6.123638216593609E-001
  -2.405117300048746E-001
          98   5.319626430485196E-001        2.801578405370568
   5.449449865054333E-001   7.835860132594179E-003   6.531388273922332E-001
  -3.115530848237211E-001
          99   5.475745512728566E-001        3.581729114109333
        1.027034563440679   4.909781542753718E-003   6.936187117495615E-001
  -6.004919164882663E-001
         100        1.371242138956245   3.878424336918827E-001
   6.266192029759166E-001  -9.365629545300689E-003   5.433725160714199E-001
  -8.068306684177112E-001
         101  -2.688918837171833E-001   9.005121144356268E-001
        1.552285349921958  -1.279008231827835E-001   5.504607951871677E-001
   5.796361421793488E-002
         102        1.438900288011578   2.663208774324657E-001
   5.256545301398115E-001   1.285305592858140E-002   7.504394251696679E-001
  -1.902570622610245E-001
         103  -3.890928199985224E-001  -9.208696052022972E-001
        3.141702004502152   5.438238957888617E-001   2.478127338071054E-001
  -6.958495323271615E-001
         104   1.882572260682724E-002        1.261688401947728
       16.647369931406350   3.905915530512593E-001   2.807650661482969E-001
  -6.983905219252298E-001
         105       -1.161842520775676        1.312877732927646
       -1.140688845943013  -8.158697864177785E-001   7.001113555397275E-001
   1.467370165504225E-001
         106        1.011933672182581        1.192958259970537
   4.768499518294423E-001  -2.829174675771339E-002   7.311746880080632E-001
       -1.032544918673717
         107        1.261980533220785   8.568463579643245E-001
   8.600534797892383E-001   1.505775431794507E-002   6.365237132300852E-001
  -6.594310186825042E-001
         108   3.582625410722247E-002   1.658243932193278E-001
   7.735690804752776E-001   4.027792878699653E-002   2.493621640240108E-002
  -7.175518612717833E-001
         109        1.387455794598682   5.737864740693849E-001
   7.381612716549425E-001   9.367602463574018E-002  -1.227788919884317E-002
  -7.774057181128059E-001
         110   2.369617062261164E-001   6.669805401277548E-001
   9.969811417549507E-001   9.325757545804074E-002   3.115590088173285E-002
  -7.277596913398422E-001
         111   4.191867342136740E-002        4.611390735362086
        1.979396691728449   6.656046679432228E-001   6.867002133384272E-001
   7.156029300331671E-001
         112        1.261934495153770   3.053697946208918E-001
   4.100694237381302E-001   1.654379995189341E-002   3.634058549453910E-001
  -5.099950371007972E-001
         113        1.265435037548770   7.902621586980709E-001
   4.148026088047065E-001   2.060306270740746E-002   6.690826934401000E-001
   2.824518842091249E-002
         114        1.404535323914096   5.830273014655770E-001
   7.544515864164216E-001   1.120421596548665E-001  -4.823666050493819E-003
  -8.047735347249972E-001
         115        1.143726778954659   4.746983698137400E-001
   8.252774963761966E-001   7.125606761130301E-002   5.585456281335646E-002
  -6.085349597101580E-001
         116        1.628304675009762   5.735590498942422E-001
  -8.467245915274393E-001   1.804710257596818E-001   2.459798369377512E-001
   7.208724976022677E-001
         117        1.187833528430861   4.747906371416645E-001
   5.267021074624466E-001   7.849725397511476E-002   3.825701236369708E-001
   2.108539827661524E-001
         118        1.109681796572668   3.339918454250357E-001
  -9.700521945411086E-001   3.601120098183774E-002        1.102352825354932
   5.712068185179156E-001
         119        1.264188403037451   6.398894975390407E-001
   9.803425375715749E-001   1.682266744474891E-001  -9.014720174474522E-002
  -7.016288995980499E-001
         120        1.122844795471001        1.031252837336112
   6.502941208580493E-001   1.139400011346773E-001  -3.099353585353988E-001
  -7.275842384878252E-001
         121        1.131695475340100        1.267688533261319
        2.002390841624962  -1.901156405677548E-001   5.716017073983893E-001
   6.827246810337635E-001
         122        1.204944485215448        1.177603290721417
   5.237396711064869E-001  -5.286564579398171E-003   6.837064184786647E-001
  -7.725961151460932E-001
         123        1.334244557785636   4.566643059431473E-001
   7.537588647704554E-001   6.280990025689585E-002   6.751203040971036E-001
   4.705128182520594E-001
         124        1.176793044758149   9.860066314957413E-001
   5.903113641750603E-001   1.151890187994371E-001   4.073573230793509E-002
  -4.716299940600689E-001
         125        1.088178059806139   9.166390984899714E-001
        1.285591431004968   1.174980833228545E-001  -6.221427234200072E-001
  -6.965912192833402E-001
         126   6.056814793024571E-001   9.356752754472200E-001
   9.948112219265308E-001   1.419722116983511E-001   3.324977583999853E-001
  -4.292159171260316E-001
         127        1.240963900424389   7.014910386655989E-001
   5.805280286619143E-001   8.777007713300196E-002   2.279999735296332E-001
  -4.118239859799246E-001
         128   5.742629887240763E-002        3.836377747418378
   5.193149945318492E-001   4.189043887772276E-002  -7.503892907384973E-001
  -6.606195790910471E-001
 :END:
 
