      LinCoeff:.   AA1:        AA2:        B12:        RZ1:       RZ2:
 FNC: ======================================================================
  1   .1039D+01   .1448D+00   .2343D+00  -.3063D-01   .1256D+00  -.2891D+00
  2   .1161D+01   .1009D+01   .2692D+00  -.3337D-01  -.4817D+00  -.8764D+00
  3   .1145D+01   .2739D+00   .5689D+00  -.8796D-01   .2891D+00   .5475D+00
  4   .2403D+00   .3706D+00   .6521D+00  -.4660D-01  -.2289D+00   .5987D+00
  5   .3610D+00   .4777D+01   .1566D+01  -.2512D-01   .6869D+00  -.6675D+00
  6   .5890D+00   .2417D+01   .2966D+00  -.1140D+00   .2359D+00  -.1621D+00
  7   .1392D+01   .4833D+00   .2606D+00  -.7803D-01   .3447D+00   .4845D-01
  8   .1229D+01   .4700D+00   .2546D+00  -.6450D-01   .5722D+00   .5888D+00
  9   .1568D+01   .5993D+00   .3900D+00   .7737D-02  -.6373D+00   .7954D+00
 10   .1347D+01   .4331D+00   .2511D+00  -.7315D-01   .4404D+00   .7118D-01
 11   .1960D+00   .6471D+00   .1020D+02  -.1809D+00  -.4012D+00  -.6947D+00
 12   .7037D-01   .3041D+01   .7297D+01  -.1020D+01  -.6166D+00  -.6999D+00
 13   .1969D-01   .7817D-01   .1270D+03   .4574D-01  -.5498D+00  -.6997D+00
 14  -.3475D+01   .3552D+00   .1824D+00  -.6496D-01   .4346D+00  -.1185D+00
 15   .9210D-01   .7904D+00   .2549D+02   .6214D-02   .6812D+00  -.6999D+00
 16   .1343D+01   .2682D+00   .4979D+00  -.7272D-01   .9413D-01   .5688D+00
 17   .1977D+00   .1009D+00   .4216D+01   .3172D-01   .1778D+01  -.7749D+00
 18   .1485D+00   .3356D+01   .5719D-01  -.7751D-02   .6323D+00   .5077D-01
 19   .7112D+00   .1632D+00   .4785D+01  -.6166D-02  -.4428D+00  -.6648D+00
 20   .2160D+00   .1885D+00   .1868D+00   .3750D-01   .1867D+01  -.1451D+01
 21   .1403D+01   .9977D+00   .3435D+00   .2079D-01   .6748D+00  -.8444D+00
 22   .9286D+00   .2975D+00   .6285D+00  -.3756D-01   .4341D+00  -.5020D+00
 23   .1171D+00   .5497D-01   .3694D+00   .4433D-02   .6807D+00  -.1157D+01
 24  -.4424D+00   .1016D+01   .4149D+00   .1500D+01   .6417D+00  -.4226D-01
 25   .1737D+01   .1824D+00   .4916D+00  -.4152D-01   .2480D+00  -.4230D+00
 26   .1391D+01   .1007D+01   .5379D+00  -.1242D+00   .4365D+00   .1105D+00
 27   .1143D+01   .4498D+00   .6565D-01  -.2037D-03  -.5392D+00  -.1848D+00
 28   .1400D+01   .5125D+00   .2462D+00  -.6954D-01   .3943D+00  -.5302D-01
 29   .7737D+00   .1123D+01   .1368D+01  -.6028D-01   .7802D+00  -.4165D+00
 30   .8265D+00   .6754D+00   .6220D+00  -.4546D-01  -.8556D+00  -.4098D+00
 31   .8372D-01   .2687D+02   .2613D+00   .1139D-01   .6945D+00   .5227D+00
 32   .1222D+01   .1838D+00   .3486D+00  -.4830D-01   .1815D-01  -.4476D+00
 33   .1691D+00   .1249D+00   .7053D-01  -.2070D-02   .4451D+00  -.7525D-02
 34   .1058D+01   .1666D+00   .8364D+00  -.2134D-01  -.7396D-01   .5593D+00
 35  -.8442D-05   .4518D-03   .7785D-02   .4153D-01   .1820D+00  -.1969D+00
 36   .1521D+01   .1709D+00   .3480D+00  -.4277D-01   .2101D-01   .6293D+00
 37   .4386D-01   .6314D+01   .9668D+00  -.5416D+00   .3712D+00   .1120D+00
 38   .9992D+00   .1145D+01   .1886D+00  -.4749D-02   .7464D+00  -.2960D+00
 39   .1599D-01   .1253D+03   .1075D+01   .2311D+00   .7021D+00  -.9342D+00
 40  -.8790D+01   .2986D+00   .5880D+00  -.1173D+00   .1999D+00   .4890D+00
 41   .1375D+01   .2666D+00   .1230D+00  -.2985D-01   .3046D+00  -.4332D+00
 42   .1400D-01   .2761D+02   .7651D+01  -.6643D+00   .6612D+00  -.5860D+00
 43   .1457D+01   .4720D+00   .2495D+00  -.4941D-01  -.6019D+00   .2203D+00
 44   .1101D+01   .5812D+00   .2458D+01  -.8537D-02   .5675D+00  -.7086D+00
 45   .1613D+00   .1721D+02   .9567D-01   .1633D-02   .6950D+00  -.1953D+00
 46   .6729D+00   .3564D+00   .2400D+01  -.5875D-01   .5614D+00   .6689D+00
 47  -.5770D-01   .3628D-01   .1306D+01   .1131D+02   .1127D+01  -.5746D+00
 48  -.3424D+00   .2700D+01   .3655D+00  -.2041D+00  -.2895D+00  -.8393D-01
 49   .5266D-01   .2576D+00   .6168D+02  -.2068D-01   .6189D+00  -.6994D+00
 50   .1152D+01   .1017D+00   .1359D+01  -.9847D-02   .9299D-01  -.5052D+00
 51   .2600D-01   .7519D+00   .9596D+01   .3954D-02   .1353D+01   .6344D+00
 52   .1324D+01   .5614D+00   .2883D+00  -.9034D-01   .5683D+00   .3810D+00
 53   .1862D+00   .1721D+00   .1494D+00  -.6708D-02   .1681D+01  -.1998D+00
 54   .7540D+00   .5901D+00   .3416D+00  -.1598D+00  -.4844D+00  -.1398D+00
 55   .1544D+01   .6591D+00   .3147D+00  -.1560D+00   .4476D+00   .2055D+00
 56   .3956D+00   .3078D+00   .8712D+01   .3054D-01   .8706D+00  -.6927D+00
 57   .1814D-01   .1780D+01   .6605D+02  -.7036D+00  -.6844D+00  -.6985D+00
 58   .4256D+00   .2395D+01   .1075D+01  -.2013D+00   .6261D+00   .7100D+00
 59   .8542D+00   .2440D+01   .2430D+00  -.2704D-01   .6276D+00  -.5014D+00
 60  -.1180D+01   .2011D+00   .4083D+00   .3856D+00  -.1202D+00   .6030D+00
 61   .4714D-01   .1133D+02   .2926D+01   .1090D+00   .7099D+00  -.7154D+00
 62   .6199D+00   .8715D-01   .5782D+00   .3545D-01   .2113D+01  -.2252D+00
 63   .4595D+00   .1373D+01   .7933D-01   .1491D-01   .7665D+00   .4198D+00
 64   .1013D-01   .5526D+03   .4346D+00  -.1401D+00   .7002D+00   .6745D-01
 ---------------------------------------------------------------------------
 ENERGY=      -1.174418532303845   --->   ||g||^2 =   2.583000547626416E-010
 
 :BEGIN:
          64
           1        1.039062480631470   3.378212367486298E-001
   4.420951572509794E-001   9.066524287663089E-002   1.256283238696259E-001
  -2.891280179944302E-001
           2        1.161339432307042   9.879144193933976E-001
   4.844000639761450E-001   3.378130666055496E-002  -4.816538346602381E-001
  -8.764214541365548E-001
           3        1.145023814222770   4.312644540383183E-001
   6.628259836531969E-001   2.039552454735746E-001   2.891020212049431E-001
   5.474671653446807E-001
           4   2.403471988246745E-001   5.692250204543407E-001
   7.737982966691337E-001   8.187012464984632E-002  -2.289037476124738E-001
   5.987476111520719E-001
           5   3.609664979577544E-001        2.179982122363249
        1.241082812145849   1.152225012832598E-002   6.868523893802407E-001
  -6.675246192302718E-001
           6   5.890498473421515E-001        1.517516646720723
   4.206838936269025E-001   7.511120418251498E-002   2.358557358770926E-001
  -1.620814414885673E-001
           7        1.391607820823321   6.366359846331990E-001
   4.093027474262755E-001   1.225646770893197E-001   3.447466682636920E-001
   4.845147859572078E-002
           8        1.229132680316140   6.367526102610758E-001
  -4.240951543532122E-001   1.012939271556932E-001   5.721731200219675E-001
   5.888046121390693E-001
           9        1.567504115495645   7.791365173662940E-001
   6.306036919842216E-001  -9.929797286427736E-003  -6.372804572488515E-001
   7.954325731713119E-001
          10        1.346635292054173   5.999850334115501E-001
   4.038289900211796E-001   1.219191567105165E-001   4.403859644416702E-001
   7.118237555926844E-002
          11   1.960206998501034E-001   6.827582417389311E-001
        3.154563089685258   2.649665679896822E-001  -4.012052318199781E-001
  -6.947085480210991E-001
          12   7.036925083547148E-002        1.421693020486575
        2.400468023913831   7.175366649129578E-001  -6.166296851714703E-001
  -6.999466865401200E-001
          13   1.969409986151411E-002   3.520029693834929E-001
       11.271533983652670  -1.299306739180026E-001  -5.497725394455674E-001
  -6.997193457895939E-001
          14       -3.475266129734771   5.387179323162349E-001
  -3.208308861468735E-001   1.205891933775588E-001   4.345510650874086E-001
  -1.184874634667651E-001
          15   9.210255702307452E-002   8.925486879775418E-001
        5.049130728043013  -6.961774711863615E-003   6.812156604605996E-001
  -6.998903874817583E-001
          16        1.343486834093683   4.421232317391974E-001
   6.309405720996772E-001   1.644799637557436E-001   9.413450316358485E-002
   5.687545842003371E-001
          17   1.977408426814153E-001   3.642413395465307E-001
        2.059095738013871  -8.709305627499296E-002        1.777772484203317
  -7.748915182370219E-001
          18   1.485076034293934E-001        1.829795239707999
   2.222980761382193E-001   4.236082791351744E-003   6.322807073573669E-001
   5.077083652754863E-002
          19   7.112311284873721E-001   3.962300468606362E-001
        2.186013549952739   1.556172745898449E-002  -4.428430450038968E-001
  -6.648128134975578E-001
          20   2.160474794996639E-001   4.753849201876492E-001
   4.669898779813051E-001  -7.887899512807758E-002        1.866591658161167
       -1.450758908595220
          21        1.403111910209060        1.009188895831245
   6.031933975615247E-001  -2.060142982588387E-002   6.748423737210164E-001
  -8.443883153625054E-001
          22   9.285900812569891E-001   5.098628413209063E-001
   7.651807470652995E-001   7.366027977263623E-002   4.341013461891911E-001
  -5.020291011345367E-001
          23   1.170980335101721E-001   2.437344790247808E-001
   6.111729128713237E-001  -1.818629678341014E-002   6.807292411449272E-001
       -1.157489924066645
          24  -4.423686919927389E-001        1.586009849521804
        1.010171986524115  -9.455922636999992E-001   6.417197200557215E-001
  -4.225633301461493E-002
          25        1.736530965216132   3.753914985511726E-001
   6.616666347127657E-001   1.106066775263097E-001   2.479917316669605E-001
  -4.230342815818354E-001
          26        1.390828438469365   9.393233749452293E-001
   6.294239894586113E-001   1.322374042464476E-001   4.364945462345178E-001
   1.105014928241592E-001
          27        1.143144871018930   6.705306202000012E-001
   2.558267163560603E-001   3.037956912200031E-004  -5.391861325157226E-001
  -1.848200031496350E-001
          28        1.399550166062891   6.655716541911142E-001
   4.070967731148376E-001   1.044790421545606E-001   3.943315657302784E-001
  -5.301928409032954E-002
          29   7.736580541130593E-001        1.030704581479494
        1.142118510593447   5.848496761770285E-002   7.802030772533134E-001
  -4.165336516448800E-001
          30   8.265485406732367E-001  -7.937043580799639E-001
   7.571503178829125E-001  -5.727035648766072E-002  -8.555800224434401E-001
  -4.098492440291495E-001
          31   8.371943985624937E-002        5.184928045331564
  -5.221611034737547E-001  -2.196160714304741E-003   6.945452890608791E-001
   5.227129272635495E-001
          32        1.221799969863274   3.680986767064525E-001
   5.320820053129012E-001   1.312064758932268E-001   1.815385921398927E-002
  -4.476472170012673E-001
          33   1.691074157400076E-001   3.504803793027433E-001
   2.615780632862734E-001   5.904975933090894E-003   4.451296296409453E-001
  -7.525479047621500E-003
          34        1.057561836724663   3.811409307676264E-001
   9.010420529717267E-001   5.599459454871435E-002  -7.395687965290169E-002
   5.592892495906067E-001
          35  -8.442499102028230E-006  -2.049018522991244E-001
   9.073241322830010E-002   2.026967831796864E-001   1.820183679588702E-001
  -1.969000696188341E-001
          36        1.520614831823274   3.579372364062443E-001
   5.394182643714921E-001   1.194950643458805E-001   2.101263913120796E-002
   6.293222225343493E-001
          37   4.385817206140135E-002        2.402681709801199
   6.119132520216531E-001   2.254067809336340E-001   3.712223791596661E-001
   1.120022287545196E-001
          38   9.991670354919143E-001        1.068017147740875
   4.287306029678101E-001   4.446349828598616E-003   7.463679592882490E-001
  -2.960088750528849E-001
          39   1.598823051918612E-002       11.203743270806920
        1.142679290417395  -2.062285723601846E-002   7.021162251829839E-001
  -9.341828143392881E-001
          40       -8.790245455442706   4.257831069421257E-001
   6.283751686843587E-001   2.754903116012010E-001   1.999201567426501E-001
   4.890158920412954E-001
          41        1.375196987353745   4.866069393859872E-001
   2.989859620269298E-001   6.133371250627156E-002   3.046247514697199E-001
  -4.332234238014462E-001
          42   1.400479494157758E-002        5.190449893506657
        2.640119494006301   1.279758786750730E-001   6.612472090381064E-001
  -5.860464652181651E-001
          43        1.456995750962067   6.500965633544678E-001
   4.407864854152790E-001   7.600090044066354E-002  -6.018847785231966E-001
   2.203456186300840E-001
          44        1.100926984579357   7.567181096813589E-001
        1.564977380826268   1.128204212948606E-002   5.675415109500490E-001
  -7.086155920319575E-001
          45   1.612654136233462E-001        4.148301483338881
   3.119340773343776E-001  -3.936873527715123E-004   6.949888532177878E-001
  -1.953129643210107E-001
          46   6.728503387529237E-001   5.455674260739392E-001
        1.526306844193336   1.076861723177824E-001   5.613790208643364E-001
   6.688950445858326E-001
          47  -5.770433232376600E-002        3.368081041458728
        1.158404591764333       -3.357310554046817        1.126569120297714
  -5.746159864875255E-001
          48  -3.424392152081155E-001        1.579785436045253
   3.804589391093288E-001   1.291707113319226E-001  -2.894961045168486E-001
  -8.392953332424918E-002
          49   5.266227295882427E-002   4.867105792454159E-001
        7.851919714760424   4.248941727925367E-002   6.188576029131910E-001
  -6.993701022338116E-001
          50        1.152236401316952   3.030600406178507E-001
        1.161083190057046   3.249026619858233E-002   9.298609912526148E-002
  -5.052252205666546E-001
          51   2.600018670188086E-002   8.694199314964923E-001
       -3.098345817967615  -4.548298998774837E-003        1.353242276277383
   6.343792280887303E-001
          52        1.324492604050891   6.863488332971275E-001
   4.250539011501006E-001   1.316196117963207E-001   5.683485639208449E-001
   3.809824082958839E-001
          53   1.861721130151410E-001   4.067262323750565E-001
   3.773740776076029E-001   1.649236937507618E-002        1.680767681333450
  -1.998130258607061E-001
          54   7.540042486244004E-001   6.559668473711658E-001
   3.500524094589283E-001   2.435630465293817E-001  -4.843772578165505E-001
  -1.397734562712365E-001
          55        1.544223306427385   7.092596605338108E-001
  -3.320318372341668E-001   2.199900089217122E-001   4.476134676055310E-001
   2.055266739699235E-001
          56   3.955546158138154E-001   5.816550943117902E-001
        2.956292927227909  -5.250027247613608E-002   8.705789638399732E-001
  -6.927097451745807E-001
          57   1.813536005941165E-002        1.037626874110525
        8.054941639195016   6.780970105795102E-001  -6.844245402259064E-001
  -6.984930423428130E-001
          58   4.255997635823063E-001        1.481260683757052
   9.248276754204352E-001   1.358640294124993E-001   6.260882557380008E-001
   7.100258290147492E-001
          59   8.542201217575091E-001        1.553369342782120
   4.643367246547284E-001   1.740955676801262E-002   6.275992614338259E-001
  -5.013943135636177E-001
          60       -1.180376439550353   7.660059646094177E-001
   7.351511710865416E-001  -5.034280917908154E-001  -1.202489591166159E-001
   6.030040222860658E-001
          61   4.714024212239312E-002        3.382691713515177
        1.741939719230262  -3.220865649851257E-002   7.099266583744686E-001
  -7.154278948983224E-001
          62   6.198717455115279E-001   3.501438106257548E-001
   7.768088106360728E-001  -1.012485915243640E-001        2.112640412106515
  -2.251521466730946E-001
          63   4.595031409505891E-001        1.178124871965365
   3.067171063971400E-001  -1.265539582132392E-002   7.664794979249882E-001
   4.197810229977487E-001
          64   1.012546313736607E-002       23.504972068487990
   5.426810600974368E-001   5.959744238655303E-003   7.002033044114341E-001
   6.745096572948847E-002
 :END:
 
