      LinCoeff:.   AA1:        AA2:        B12:        RZ1:       RZ2:
 FNC: ======================================================================
  1   .1369D+01   .2798D+00   .3739D+00  -.1242D-02  -.8486D+00   .6045D+00
  2   .4898D+00   .3690D+00   .4491D+01  -.7350D-01   .4834D+00   .6732D+00
  3  -.1283D+01   .1679D+01   .7661D+00  -.1183D+00   .5853D+00  -.7113D+00
  4   .1289D-01  -.1379D+00   .1851D+02   .3088D+00   .7091D+00  -.6558D+00
  5   .9590D-01   .7800D+01   .2873D+01   .7739D-01   .7119D+00  -.7373D+00
  6   .2739D+00   .1293D+00   .3206D+01   .1128D-01   .1148D+01   .6176D+00
  7   .3435D-01   .9138D+00   .3925D+02   .1951D-01   .6195D+00  -.7042D+00
  8   .1608D+01   .8905D-01   .9162D+00   .5245D-02  -.1678D+00  -.6526D+00
  9   .1285D+01   .9270D+00   .3347D+00  -.3402D-01   .6289D+00  -.2198D+00
 10   .1092D-01   .6296D+01   .1435D+02  -.2530D+01   .7124D+00   .6903D+00
 11   .1059D+01   .8970D+00   .8522D+00  -.3690D-01   .4510D+00  -.7809D+00
 12   .2785D-01   .4384D+00   .5938D+01  -.1895D+00  -.2729D+00  -.3163D+00
 13   .1439D+01   .2259D+00   .9660D-01  -.1738D-01   .4573D+00   .2583D+00
 14   .1649D+00   .1631D+01   .6878D+00  -.1377D+00  -.1178D+00  -.3191D+00
 15   .5786D+00   .1311D+01   .2851D+01  -.5380D-01   .6447D+00  -.6532D+00
 16   .1004D+00   .8301D-01   .1319D+02  -.7709D-02   .1082D+00   .6875D+00
 17   .1174D+00   .4347D+01   .1717D+01  -.3501D+00  -.6447D+00  -.6699D+00
 18   .9005D+00   .1719D+00   .1025D+01  -.2483D-01   .3893D+00  -.1823D+00
 19   .1527D+01   .4641D+00   .3469D+00  -.1989D-01   .6532D+00  -.3121D+00
 20  -.9006D+00   .1042D+01   .3848D+00   .6132D+00  -.5746D+00  -.1731D+00
 21   .2845D+00   .6835D-01   .2926D+01  -.2257D-02   .6179D-01  -.6448D+00
 22   .5439D+00   .1368D+00   .6150D+01   .1057D-01   .2874D+00  -.6949D+00
 23  -.6706D+01   .2286D+00   .4549D+00  -.9036D-01   .3591D+00   .5442D+00
 24  -.2392D-01   .3754D+00   .1581D+01   .2683D+02   .9107D+00   .4424D+00
 25   .9140D+00   .7401D+00   .1753D+01  -.1973D-01   .6139D+00   .6122D+00
 26  -.4072D-05   .1132D+02   .3243D+01  -.2444D+01   .7919D+00  -.1813D+01
 27   .6251D+00   .2343D+01   .2577D+00  -.5913D-01   .3276D+00  -.3938D+00
 28   .4155D+00   .4359D+00   .5318D+01  -.6652D-02   .7648D+00  -.6791D+00
 29   .1735D+01   .2102D+00   .4028D+00  -.5368D-01  -.2416D+00  -.3491D+00
 30   .1440D-01   .2957D+00   .1328D+03  -.1130D+00  -.8451D-01  -.6995D+00
 31   .2013D-01   .9699D+02   .3908D+00   .1910D+00   .6990D+00   .4887D+00
 32   .1427D+01   .5083D+00   .2680D+00  -.1231D+00   .5379D+00   .3446D+00
 33   .1033D+01   .2332D+01   .4654D+00  -.1956D-01   .7028D+00  -.5176D+00
 34   .1143D-01   .1778D+03   .1280D+01  -.3080D-01   .6987D+00  -.5967D+00
 35   .1824D+01   .2035D+00   .3961D+00  -.5113D-01  -.3467D+00  -.6351D+00
 36   .1212D+01   .1561D+00   .2002D+01   .2938D-02   .6591D+00  -.7259D+00
 37   .7559D-01   .2855D+01   .1541D+01   .4941D-02  -.8811D+00   .3862D-01
 38   .1805D+01   .5662D+00   .2853D+00  -.3646D-01  -.4437D+00  -.1875D+00
 39   .8608D+00   .7197D+00   .6752D+00  -.7772D-01  -.3104D+00  -.5533D+00
 40   .1782D-01   .1556D+00   .7142D+03   .1176D+00   .8798D+00  -.7003D+00
 41   .1996D+01   .7128D+00   .1587D+01  -.7109D-01   .7065D+00  -.5861D+00
 42  -.1421D+01   .3327D+00   .1847D+00   .2161D+00  -.2822D+00  -.5882D+00
 43   .1083D+00   .4602D+00   .1359D+02  -.8654D-01  -.4944D+00  -.6759D+00
 44   .1510D-01   .2412D+01   .3639D+02  -.9124D+00  -.6997D+00  -.6983D+00
 45   .1693D+01   .2399D+00   .4914D+00  -.1065D+00   .3668D+00   .5276D+00
 46   .6820D-01   .1640D+00   .3560D+02  -.2822D-01   .4714D-01  -.6957D+00
 47   .3038D+00   .3257D-01   .3939D+00   .1855D-01   .1968D+01  -.2496D+00
 48  -.3516D-06   .5884D-01   .4214D-01  -.2455D-01   .2019D+00  -.3409D-01
 49   .2292D+01   .8625D+00   .3134D+00  -.5721D-02   .6644D+00  -.7216D+00
 50   .1449D+00   .9686D+00   .1036D+02  -.6403D-01   .5429D+00  -.6884D+00
 51   .1458D-01   .6353D+01   .3754D+02  -.2294D+00   .6383D+00  -.6911D+00
 52   .2038D+01   .1396D+00   .4639D+00  -.2884D-01   .1856D+00   .5784D+00
 53   .1583D+00   .1285D+00   .1262D+00   .1430D-01   .1700D+01  -.1481D+01
 54  -.1250D+00   .1976D+01   .6477D+00   .3522D+01   .6438D+00   .2157D-01
 55   .1873D+01   .3909D+00   .1872D+00  -.4482D-01   .6681D+00   .4282D+00
 56   .2048D+01   .1879D+00   .2533D+00  -.2917D-01  -.6385D+00   .1751D+00
 57   .2141D+00   .6983D-01   .1405D+01  -.2517D-02   .1891D+00   .3242D+00
 58   .9208D-01   .7191D-01   .1022D+01  -.3206D-01   .6633D-01  -.6432D+00
 59   .1770D+01   .5079D+00   .1212D+00   .6359D-02   .4358D+00  -.1046D+01
 60   .1333D+01   .3343D+00   .5897D+00  -.1022D-01  -.9032D+00  -.4613D+00
 61  -.2750D-05   .8798D-02   .1843D+01  -.8756D-02   .1685D+00  -.5628D-01
 62   .1599D+01   .1412D+01   .2571D+00  -.3416D-01   .5984D+00   .6223D+00
 63   .1664D+00   .2475D+00   .1465D+02   .4023D-01   .9716D+00  -.6983D+00
 64   .4905D-01   .1067D+00   .1998D+01  -.1571D-01  -.2292D-01  -.8495D+00
 65  -.3887D-01   .1444D+00   .2392D+00  -.3481D-01   .1260D+00  -.2893D+00
 66  -.5685D-02   .1006D+01   .2683D+00  -.3162D-01  -.4816D+00  -.8762D+00
 67  -.3429D-01   .2808D+00   .5792D+00  -.9143D-01   .2891D+00   .5476D+00
 68   .3913D-02   .3702D+00   .6513D+00  -.4610D-01  -.2289D+00   .5987D+00
 69   .4325D-01   .4772D+01   .1563D+01  -.2227D-01   .6925D+00  -.6709D+00
 70   .2435D-02   .2405D+01   .2865D+00  -.1014D+00   .2354D+00  -.1619D+00
 71  -.1420D-01   .4854D+00   .2623D+00  -.7917D-01   .3448D+00   .4836D-01
 72  -.1018D-01   .4710D+00   .2556D+00  -.6503D-01   .5721D+00   .5889D+00
 73  -.2196D-02   .5998D+00   .3903D+00   .7371D-02  -.6372D+00   .7955D+00
 74  -.9548D-02   .4338D+00   .2519D+00  -.7368D-01   .4404D+00   .7109D-01
 75   .8293D-01   .7363D+00   .1016D+02  -.1818D+00  -.4108D+00  -.7246D+00
 76   .2525D-01   .3011D+01   .7305D+01  -.9807D+00  -.6105D+00  -.6636D+00
 77   .8085D-02   .4050D-01   .1277D+03   .3682D-01  -.5518D+00  -.7000D+00
 78  -.1645D+00   .2714D+00   .1365D+00  -.5454D-01   .4267D+00  -.1094D+00
 79   .3355D-01   .8767D+00   .2547D+02  -.3661D-02   .6790D+00  -.6904D+00
 80  -.1692D-01   .2707D+00   .5005D+00  -.7401D-01   .9401D-01   .5689D+00
 81   .1807D-01   .1193D+00   .4206D+01   .3005D-01   .1778D+01  -.7640D+00
 82   .1923D-01   .3342D+01   .3487D-01   .1004D-01   .6333D+00   .4973D-01
 83   .2332D-01   .1613D+00   .4790D+01  -.6331D-02  -.4428D+00  -.6684D+00
 84  -.3034D-02   .1841D+00   .1844D+00   .4003D-01   .1866D+01  -.1450D+01
 85  -.5515D-02   .9951D+00   .3412D+00   .2305D-01   .6747D+00  -.8442D+00
 86   .3858D-02   .2972D+00   .6280D+00  -.3724D-01   .4341D+00  -.5020D+00
 87   .6046D-01   .4365D-01   .3682D+00   .5005D-02   .6806D+00  -.1155D+01
 88  -.1413D+00   .3452D+00   .2947D+00   .2043D+01   .7335D+00   .3132D-01
 89  -.4234D-02   .1825D+00   .4916D+00  -.4158D-01   .2480D+00  -.4230D+00
 90  -.4373D-01   .1027D+01   .5566D+00  -.1425D+00   .4398D+00   .1099D+00
 91   .4300D-01   .4473D+00   .5712D-01   .1412D-02  -.5383D+00  -.1849D+00
 92  -.1431D-01   .5151D+00   .2482D+00  -.7111D-01   .3944D+00  -.5313D-01
 93  -.2548D-01   .1113D+01   .1362D+01  -.5209D-01   .7781D+00  -.4143D+00
 94   .5498D-01   .6921D+00   .6287D+00  -.4935D-01  -.8584D+00  -.4114D+00
 95   .6296D-01   .2685D+02   .2460D+00  -.2034D-02   .7059D+00   .4941D+00
 96  -.1704D-01   .1834D+00   .3480D+00  -.4872D-01   .1833D-01  -.4477D+00
 97   .6856D-01   .9966D-01   .6953D-01  -.7642D-02   .4457D+00  -.8029D-02
 98   .7622D-03   .1665D+00   .8362D+00  -.2131D-01  -.7396D-01   .5593D+00
 99  -.2396D-03   .6613D-04   .8804D-02   .4187D-01   .1820D+00  -.1969D+00
100  -.1813D-01   .1705D+00   .3474D+00  -.4335D-01   .2082D-01   .6295D+00
101   .8604D-02   .6324D+01   .1023D+01  -.5990D+00   .3746D+00   .1100D+00
102   .1435D-01   .1145D+01   .1882D+00  -.5545D-02   .7476D+00  -.2960D+00
103  -.6403D-02   .1252D+03   .8227D+00   .3334D+00   .6975D+00  -.9320D+00
104  -.5439D-01   .3195D+00   .6144D+00  -.1261D+00   .1990D+00   .4899D+00
105  -.1060D+00   .2709D+00   .1397D+00  -.5503D-01   .3027D+00  -.4314D+00
106   .1563D-02   .2760D+02   .7610D+01  -.6370D+00   .6637D+00  -.5839D+00
107  -.4183D-02   .4727D+00   .2502D+00  -.4999D-01  -.6019D+00   .2204D+00
108  -.1595D-01   .5806D+00   .2457D+01  -.6734D-02   .5679D+00  -.7050D+00
109   .1066D-01   .1741D+02   .2892D+00  -.1759D+00   .6884D+00  -.1978D+00
110   .2791D-01   .3673D+00   .2404D+01  -.6090D-01   .5617D+00   .6593D+00
111  -.2416D-01   .2014D+00   .3662D+00   .1008D+02   .1124D+01  -.5211D+00
112  -.1918D+00   .2447D+01   .3637D+00  -.1866D+00  -.2645D+00  -.1335D+00
113   .3279D-01   .4442D+00   .6146D+02  -.4959D-01   .6362D+00  -.6966D+00
114   .2905D-01   .9879D-01   .1361D+01  -.9163D-02   .9330D-01  -.5046D+00
115   .1946D-01   .7336D+00   .9554D+01   .1191D-01   .1346D+01   .6327D+00
116  -.3856D-01   .5769D+00   .3002D+00  -.9802D-01   .5684D+00   .3810D+00
117  -.7173D-01   .1987D+00   .1681D+00  -.2107D-01   .1684D+01  -.2012D+00
118  -.8553D-01   .6544D+00   .4140D+00  -.1864D+00  -.4865D+00  -.1346D+00
119  -.4534D-01   .6841D+00   .3349D+00  -.1646D+00   .4480D+00   .2051D+00
120   .8935D-02   .3130D+00   .8704D+01   .3071D-01   .8691D+00  -.6736D+00
121   .3249D-03   .1794D+01   .6606D+02  -.7071D+00  -.6795D+00  -.6965D+00
122   .5976D-01   .2383D+01   .1054D+01  -.1893D+00   .6208D+00   .7129D+00
123   .2045D-01   .2453D+01   .2532D+00  -.3735D-01   .6290D+00  -.5017D+00
124  -.3489D+00   .3780D+00   .5115D+00   .3384D+00  -.1324D+00   .6322D+00
125   .1301D-01   .1136D+02   .2957D+01   .8318D-01   .7121D+00  -.7177D+00
126   .8179D-02   .8690D-01   .5767D+00   .3569D-01   .2112D+01  -.2244D+00
127   .3565D-01   .1381D+01   .8504D-01   .8878D-02   .7685D+00   .4201D+00
128  -.1785D-01   .5528D+03   .3750D+00  -.1081D+00   .6998D+00   .6525D-01
129  -.5933D-03   .1938D+00   .2753D+02   .1268D+00   .9911D+00  -.7044D+00
130   .1189D-03   .2471D+00   .1575D+02  -.3919D-01   .4979D+00  -.6930D+00
131  -.4642D-05   .2236D+01   .7862D+00  -.8288D-01   .6859D+00  -.2919D+00
132  -.9760D-03   .5784D+00   .3519D+00   .1627D+00  -.7191D+00  -.6564D+00
133   .2841D-03   .1627D+00   .2285D+00   .3277D-02   .8646D+00  -.7788D+00
134   .1572D-03   .4837D+00   .4304D+00  -.4592D-02   .9067D+00  -.7985D+00
135  -.1039D-03   .1876D+01   .1098D+01  -.1774D-01   .6065D+00  -.7206D+00
136   .1535D-03   .1114D+00   .5985D+00   .3951D-02   .1578D+00  -.7425D+00
137  -.8581D-05   .1079D+01   .2297D+01  -.5182D-02  -.6623D+00  -.4970D+00
138   .3005D-03   .2075D+01   .5658D-01   .7123D-02   .6309D+00  -.2111D+00
139  -.4725D-04   .1027D+01   .8471D-01  -.7635D-01   .9773D+00  -.1070D-01
140  -.2398D-03   .3532D+00   .1054D+01  -.6356D-01   .7554D+00   .5836D+00
141   .8670D-03   .4327D+01   .2182D+01  -.3885D-01   .6648D+00  -.6896D+00
142   .1780D-03   .4443D+00   .1010D+00  -.7467D-02  -.1616D+00  -.8460D+00
143   .3365D-04   .3141D+00   .8061D+00   .3671D-01   .9279D+00  -.7097D+00
144  -.1350D-02   .2947D+01   .1145D+01   .1934D+01  -.5916D+00  -.4367D+00
145   .4339D-03   .5678D+01   .7509D+01   .3395D+00   .8086D+00  -.7216D+00
146   .3305D-04   .1210D+00   .1089D+01  -.2417D-02   .2659D-01  -.6406D+00
147   .2684D-03   .5994D-01   .8843D+00  -.7506D-03   .5106D-01  -.5537D+00
148   .1293D-03   .1804D+00   .4141D+00  -.1191D-01   .8155D-01  -.6919D+00
149   .1448D-04   .2304D+00   .2578D+01  -.2243D-01  -.4042D+00  -.5393D+00
150   .2161D-03   .2296D+01   .1068D+00   .3778D-01  -.6854D+00  -.1759D+01
151   .2457D-04   .3433D+00   .1802D+00  -.2075D-01   .1759D+00  -.1759D+00
152   .2856D-03   .2032D+00   .5236D+00   .8802D-02   .8701D+00  -.8859D+00
153   .2301D-04   .1281D+00   .1375D+01  -.7153D-02   .7968D-01  -.1326D+00
154  -.6077D-04   .1064D+01   .2861D+01   .2535D+01   .4109D+00   .5957D+00
155  -.6991D-04   .1087D+01   .3308D+01   .2854D+00   .4745D+00   .6619D+00
156   .6289D-05   .6764D-01   .3252D+00  -.7756D-03   .1815D-01  -.5513D+00
157   .1619D-03   .6487D+00   .3301D+00  -.2986D-01  -.5946D-01  -.7932D+00
158  -.1760D-03   .1565D+00   .3053D+01   .3329D-02   .1093D+01  -.6109D+00
159  -.2388D-03   .1492D+00   .3407D+00  -.8665D-02  -.1019D+01  -.7454D+00
160   .8726D-03   .8156D-01   .3820D+01   .6983D-01   .1054D+01   .4131D+00
161  -.1804D-03   .1542D+00   .2850D+00  -.1987D-02   .9469D-02  -.4209D+00
162   .5764D-04   .4941D+01   .2270D+00  -.2393D-02   .7110D+00  -.2250D+00
163  -.1649D-03   .4074D+00   .8150D+00  -.9262D-01  -.2790D+00  -.6793D+00
164  -.1149D-02   .2552D+00   .4969D+00   .3656D+00  -.7632D-01  -.6066D+00
165   .6264D-02   .7832D+00   .6588D+00   .2223D+02   .6687D+00   .2792D+00
166   .1409D-03   .5812D+00   .2475D+01  -.1196D+00   .4482D+00  -.2642D+00
167   .5128D-04   .5853D+00   .1065D+01   .2993D-01   .7699D+00  -.6767D+00
168   .6607D-04   .4717D+00   .1908D+00   .3324D+01  -.1072D+00  -.7151D+00
169   .2665D-03   .4364D+01   .3203D+02   .4338D-01   .7021D+00  -.7038D+00
170   .9813D-04   .4424D+00   .5707D+00   .1857D-01   .7595D+00  -.8473D+00
171   .3158D-03   .5119D+01   .6298D+00  -.5556D-01  -.6624D+00  -.6195D+00
172  -.7019D-03   .1532D+00   .5504D+00   .3194D+01  -.5934D+00  -.3012D+00
173   .8422D-04   .3627D+00   .5434D+00  -.1249D+00   .5559D-01  -.1125D+00
174   .1202D-03   .1514D+00   .2615D+00  -.2284D-02   .5248D+00  -.6991D+00
175   .5697D-04   .1176D+01   .1347D+00   .1392D-02   .7208D+00  -.8286D+00
176   .1354D-03   .4554D+00   .1754D+00  -.1052D-01  -.6669D-02  -.6845D+00
177  -.2759D-02   .5964D+00   .1335D+01  -.2758D+00   .4264D+00   .4680D+00
178   .1427D-03   .2288D+00   .4396D+00  -.1929D-01   .4859D+00  -.3170D+00
179   .1812D-02   .2050D+00   .1601D+02   .1373D-02  -.9958D+00  -.6844D+00
180  -.6480D-51   .6520D+00   .6121D+00  -.3148D+00   .8186D+00  -.2391D+00
181  -.6422D-04   .2445D+00   .2371D+00  -.1308D-01   .4570D-01  -.6698D+00
182   .8019D-04   .1159D+01   .5242D+00  -.7201D-01   .6852D+00  -.4671D-01
183   .2201D-03   .7176D+00   .4804D+00  -.8548D-01   .1011D+01  -.2079D+00
184  -.1796D-02   .6405D+00   .7013D+02  -.5772D-01  -.5771D+00  -.6991D+00
185   .4127D-02   .1084D+00   .5532D+02  -.5310D-02   .5833D-01  -.6982D+00
186   .1316D-03   .1250D+00   .7127D+00  -.3082D-02   .3360D+00  -.4293D+00
187  -.7155D-04   .1568D+01   .3131D+00  -.5764D-01   .5512D+00   .9327D-02
188  -.1127D-03   .2206D+00   .2426D+00  -.3945D-02   .8014D+00  -.3299D-01
189   .8334D-03   .1708D+01   .2839D+01  -.2891D+00   .7662D-01  -.6235D+00
190   .1771D-03   .2570D+00   .2408D+01  -.5667D-01   .7545D+00   .7185D+00
191   .7319D-03   .4872D+00   .5111D+01   .4462D-01   .8101D+00  -.7184D+00
192   .2193D-02   .6357D+02   .7660D+00  -.1436D+00   .6963D+00  -.5197D+00
193   .4054D-04   .3380D+00   .8609D+00  -.6972D-01   .2788D+00  -.4398D+00
194  -.1031D-03   .2788D+00   .1824D+00  -.1943D-01   .1280D+00  -.7942D-01
195   .1014D-03   .8352D-01   .5165D+00  -.1147D-02   .2893D+00  -.7149D+00
196  -.1184D-04   .1341D+00   .1787D+01  -.2561D-02   .2675D+00  -.6792D+00
197   .1231D-02   .6624D+00   .1193D+02   .2008D+00  -.3914D+00  -.6974D+00
198   .1210D-01   .3088D+00   .3345D+03  -.9570D-01  -.1186D+00  -.6998D+00
199   .4038D-03   .8524D-01   .7574D+01  -.4035D-02  -.5127D-01  -.6851D+00
200   .1669D-03   .2551D+00   .6611D+00  -.1725D-01   .7491D+00  -.5453D-01
201  -.9088D-04   .3143D+00   .1914D+01  -.4886D-01   .2938D+00  -.6248D+00
202   .1438D-03   .4025D+00   .4916D+00  -.1521D-01   .8185D+00  -.9050D+00
203  -.5814D-76   .9052D+00   .8921D+00  -.4487D+00   .7484D+00  -.1090D+00
204  -.5495D-04   .3769D+01   .1503D+00   .4696D-02   .7505D+00  -.1908D+00
205   .3526D-03   .7692D+00   .6646D+00  -.5360D-01  -.4400D-01  -.8210D+00
206   .2397D-02   .5075D+01   .8705D+00  -.1579D+00  -.1089D+00  -.5373D+00
207   .7835D-03   .4000D+00   .2446D+00   .3346D+01  -.3073D-01  -.4615D+00
208   .5505D-03   .4533D+01   .5879D+00  -.7291D-01   .6549D+00  -.5172D+00
209   .1762D-03   .1371D+00   .6197D+00  -.5969D-02   .5067D+00  -.2229D+00
210  -.2917D-02   .1968D+00   .1557D+00   .1631D+00   .9483D+00  -.5199D-01
211  -.4953D-03   .2670D-01   .2438D+00   .7124D-02   .5831D-02  -.3286D+00
212  -.5030D-04   .6671D-01   .8261D+00  -.5649D-02   .7582D-02  -.8591D+00
213  -.1336D-03   .1320D+01   .3383D+01   .1303D-01   .2505D+00   .7318D+00
214  -.5930D-03  -.4912D+00   .4017D+01   .6143D+00   .2166D+00  -.2679D+00
215  -.1089D-02   .1308D+02   .1757D+02  -.5169D+01  -.3988D+00   .2708D+00
216  -.2105D-02   .1057D+00   .2605D+00   .1034D+00   .3738D-01  -.8051D-01
217   .1544D-03   .1100D+00   .1480D+00  -.8419D-02   .3536D-01  -.5597D+00
218   .7195D-04   .3221D+00   .1386D+01   .2512D-01   .8299D+00  -.7108D+00
219  -.2694D-03   .1351D+01   .5377D+00  -.1395D+00  -.4900D+00  -.7137D+00
220   .2989D-04   .1034D+00   .1033D+01   .3781D-02   .9314D-01  -.6327D+00
221  -.2753D-03   .2031D+01   .6382D+00   .2220D-01   .7368D+00  -.7773D+00
222  -.1965D-04   .2590D+00   .3173D+00  -.2037D-01  -.1507D+00  -.8234D+00
223   .8172D-04   .3660D+00   .5219D+00  -.4727D-01   .2539D+00  -.6025D+00
224  -.8310D-03   .1117D+01   .9523D-01   .1374D+01   .8908D+00  -.1044D+01
225   .1771D-03   .1687D+00   .4819D+00  -.1028D-01   .6115D+00  -.2389D+00
226   .6933D-03   .7843D+01   .3001D+00  -.4435D-02   .6506D+00  -.3144D+00
227   .4764D-03   .1278D+02   .1074D+01  -.1705D-01   .6944D+00  -.6024D+00
228   .2344D-03   .1466D+00   .3875D+00   .3502D-02   .5428D+00  -.8090D+00
229  -.1257D-02   .7016D+00   .2335D+01   .1073D+00   .5547D+00   .6328D-01
230   .1082D-03   .7366D-01   .2785D+00  -.3475D-02   .7488D+00  -.1899D+00
231  -.4170D-02   .3403D+00   .9661D+01   .4996D+00   .2503D+00  -.6981D+00
232   .2831D-02   .2087D+01   .2776D+03  -.4935D+00   .2777D+00  -.6989D+00
233  -.3110D-02   .6755D+00   .8696D+00   .1076D+01   .6870D+00   .1531D+00
234   .1656D-04   .1388D+01   .2009D+00   .2953D-01   .7300D+00  -.1031D+01
235   .1307D-03   .7441D+00   .7584D+00  -.1518D-01   .6352D+00  -.6593D+00
236  -.1492D-04   .3402D-01   .6074D+00  -.6782D-02   .2500D-01  -.7179D+00
237   .4167D-04   .3839D+00   .6116D+00  -.5432D-01  -.1240D-01  -.7778D+00
238   .1224D-03   .5059D+00   .1066D+01  -.6265D-01   .3142D-01  -.7281D+00
239   .2400D-02   .2438D+02   .7473D+01  -.3089D+01   .6897D+00   .7144D+00
240   .1233D-03   .9707D-01   .1743D+00  -.4945D-02   .3636D+00  -.5082D+00
241   .1341D-03   .6433D+00   .1934D+00  -.1808D-01   .6702D+00   .2743D-01
242   .3957D-04   .4053D+00   .6510D+00  -.6581D-01  -.5001D-02  -.8054D+00
243   .5958D-04   .2609D+00   .7210D+00  -.3394D-01   .5595D-01  -.6094D+00
244  -.1831D-03   .4322D+00   .8505D+00  -.1028D+00   .2428D+00   .7217D+00
245  -.2624D-04   .2627D+00   .3237D+00  -.3758D-01   .3818D+00   .2092D+00
246  -.2449D-03   .1200D+00   .9566D+00  -.1171D-01   .1103D+01   .5708D+00
247  -.9538D-04   .5129D+00   .1095D+01  -.1053D+00  -.8858D-01  -.7016D+00
248   .1218D-03   .1164D+01   .5475D+00  -.1158D+00  -.3093D+00  -.7312D+00
249   .3488D-02   .1388D+01   .3773D+01   .2597D+00   .5697D+00   .6729D+00
250   .4587D-04   .1377D+01   .2702D+00   .5147D-02   .6835D+00  -.7700D+00
251  -.3414D-04   .2423D+00   .6007D+00  -.2929D-01   .6748D+00   .4675D+00
252   .5593D-03   .1094D+01   .4719D+00  -.1144D+00   .4299D-01  -.4731D+00
253  -.7203D-04   .9555D+00   .1771D+01  -.1092D+00  -.6225D+00  -.6950D+00
254   .7473D-03   .1013D+01   .1152D+01  -.1364D+00   .3289D+00  -.4253D+00
255   .1954D-03   .5517D+00   .4050D+00  -.6129D-01   .2266D+00  -.4105D+00
256  -.2679D-04   .1488D+02   .4350D+00  -.1634D+00  -.7504D+00  -.6609D+00
 ---------------------------------------------------------------------------
 ENERGY=      -1.174462422017320   --->   ||g||^2 =   4.694468134116585E-009
 
 :BEGIN:
         256
           1        1.368715954654023   5.278198982419008E-001
   6.104935951459072E-001   2.352860481105519E-003  -8.485824926276810E-001
   6.045389816338110E-001
           2   4.897722862209278E-001   5.436069682236180E-001
       -2.097542677013103   1.352154597539783E-001   4.833536251306567E-001
   6.732304446747015E-001
           3       -1.282525960816336        1.249342481221313
   7.993002796680145E-001   9.466817414320961E-002   5.853173044316403E-001
  -7.113093756813803E-001
           4   1.289155711512355E-002   4.134247343061587E-001
       -4.273213118409275  -7.469779928137385E-001   7.090847399050307E-001
  -6.557728651059924E-001
           5   9.589972724422384E-002        2.806693752652197
        1.717332463396049  -2.757198095177658E-002   7.119102205384646E-001
  -7.373082635676008E-001
           6   2.739071553631388E-001   3.749061032616915E-001
        1.793375892370449  -3.007439852588219E-002        1.147927288075053
   6.175971093686178E-001
           7   3.434631382814730E-002   9.660837408963878E-001
        6.266383638859410  -2.019231881575674E-002   6.195087094755554E-001
  -7.041803643096498E-001
           8        1.608314170678997   3.070818516623282E-001
   9.597629175720950E-001  -1.708112668907880E-002  -1.677910995955020E-001
  -6.525968984793908E-001
           9        1.285226308942717   9.449684502555197E-001
   5.471999915510224E-001   3.600065386277741E-002   6.289495075571723E-001
  -2.198117745209456E-001
          10   1.092016931346358E-002        1.940712305818778
        3.181035587059926        1.303540948888088   7.124451444430289E-001
   6.902992839709888E-001
          11        1.058546817053828   9.274400780478960E-001
   9.020701781016405E-001   3.979185851821743E-002   4.510057825264761E-001
  -7.808675471936453E-001
          12   2.785401059877838E-002   4.989242184360066E-001
        2.367225302259140   3.798302685801763E-001  -2.729235261199032E-001
  -3.162814529565065E-001
          13        1.438749750762063   4.566517103692180E-001
   2.788777798988556E-001   3.805201687075748E-002   4.573117946359765E-001
   2.582823803526390E-001
          14   1.648593246541702E-001       -1.222181263579530
  -7.330633560382434E-001  -1.126833581848543E-001  -1.178339766243007E-001
  -3.191050753937004E-001
          15   5.785728411517537E-001        1.121427658834872
        1.671840810866601   4.797580547315111E-002   6.447459540684598E-001
  -6.531724962266677E-001
          16   1.003863957847228E-001   2.744162895666802E-001
        3.630592743856851   2.809415548056798E-002   1.081541548898382E-001
   6.875340816122327E-001
          17   1.174455642068572E-001        1.999157894598881
        1.155871699806216   1.751353518624703E-001  -6.447257703075475E-001
  -6.699184669836427E-001
          18   9.004657406930575E-001   3.834457842840141E-001
   9.980711112642944E-001   6.476003205300961E-002   3.893116503850297E-001
  -1.822558548389898E-001
          19        1.526539742819145   6.665029565444210E-001
   5.710805369528119E-001   2.983972268636361E-002   6.531878628394534E-001
  -3.121346042463785E-001
          20  -9.006344141408060E-001       -1.286406137307878
   8.779626582518625E-001   4.766999867102975E-001  -5.745938269743789E-001
  -1.730786090224006E-001
          21   2.844511464198781E-001   2.570752856151347E-001
        1.709841673883529   8.781042983056889E-003   6.178699649031243E-002
  -6.447834811748249E-001
          22   5.438574277585103E-001   3.838532328633691E-001
        2.481846479974956  -2.754618599290740E-002   2.873516016741584E-001
  -6.948766734569444E-001
          23       -6.706078202273726   3.718479716926890E-001
   5.526748376505833E-001   2.430038841017384E-001   3.591412546204094E-001
   5.442288451109999E-001
          24  -2.391689028409541E-002        5.215594775273488
        1.396813132008963       -5.143612135341233   9.106925880530484E-001
   4.423876012603634E-001
          25   9.140366561732395E-001   8.487399149025287E-001
        1.316184828151751   2.324382809829184E-002   6.139492548156380E-001
   6.121650580211783E-001
          26  -4.072291771380233E-006        2.979168892679329
  -3.542664488221433E-001   8.204293936973226E-001   7.918840782561966E-001
       -1.812985632430607
          27   6.251299983186018E-001        1.511324493683222
   4.438727079808725E-001   3.912464482671092E-002   3.276097011159676E-001
  -3.938231434861664E-001
          28   4.154695968319706E-001   6.551738631915671E-001
        2.304697584546048   1.015330613545486E-002   7.648201878977754E-001
  -6.790799033007233E-001
          29        1.734794533136172   3.956743195711548E-001
   5.750338649692858E-001   1.356707885102030E-001  -2.415988410262639E-001
  -3.490839174298129E-001
          30   1.440498372740971E-002   4.273559842164318E-001
       11.517371300787710   2.645065698931353E-001  -8.451123108937389E-002
  -6.994929977536524E-001
          31   2.013271800380931E-002        9.858022043367335
   7.624886942187966E-001  -1.937318325211387E-002   6.989912165709797E-001
   4.886939763762304E-001
          32        1.427286724104466   6.206335535777883E-001
   3.248418161549126E-001   1.984180487417423E-001   5.379428932779895E-001
   3.446481830198487E-001
          33        1.032984839703197        1.520638616306646
   6.675620446503898E-001   1.286394854635479E-002   7.027514129581000E-001
  -5.175673883847876E-001
          34   1.142876563263932E-002       13.331844903279160
        1.117747553250086   2.310106652572613E-003   6.986965841105791E-001
  -5.966722535189699E-001
          35        1.823647257322643   3.904070377152902E-001
   5.725948672688077E-001   1.309571508601884E-001  -3.467032102280600E-001
  -6.350533403221866E-001
          36        1.211655136963419   3.987921694851875E-001
        1.415771208357274  -7.367132212412123E-003   6.590845378823141E-001
  -7.258933794417060E-001
          37   7.558880801238462E-002        1.691207218823737
        1.243326521369866  -2.921336391953688E-003  -8.811496016323519E-001
   3.861691268461498E-002
          38        1.805271670549410   7.278161838613935E-001
   4.963401130709947E-001   5.009210349600832E-002  -4.437142776936105E-001
  -1.874644324450834E-001
          39   8.608119542622050E-001   8.012134748639858E-001
   7.668923127025571E-001   9.699666417156280E-002  -3.104143080292996E-001
  -5.533418014907434E-001
          40   1.782140365102656E-002   5.226640954342876E-001
       26.726401888026710  -2.249993709942651E-001   8.798089719042002E-001
  -7.002794329699431E-001
          41        1.995630830424706   8.010706517390968E-001
        1.227853403426159   8.874840164080088E-002   7.065268516045002E-001
  -5.861149607403091E-001
          42       -1.420561561793921   7.407841470823021E-001
   5.618892615372392E-001  -2.916975643056262E-001  -2.822440189937093E-001
  -5.881915918977178E-001
          43   1.083496503893493E-001   6.112518059401870E-001
        3.672036611174105   1.415819251770031E-001  -4.944143539468042E-001
  -6.759399596893030E-001
          44   1.509895007785102E-002        1.224738181421836
        5.909213155611586   7.449677499845572E-001  -6.997071234979020E-001
  -6.982863480098157E-001
          45        1.693152039203540   3.651560477690427E-001
   5.475440777056834E-001   2.917163762627626E-001   3.667947939602754E-001
   5.275759543568082E-001
          46   6.820244558008548E-002   3.684466734377040E-001
        5.963346136791214   7.659611681784653E-002   4.714051525369207E-002
  -6.956701111584923E-001
          47   3.037868736763637E-001   2.261044970810793E-001
   6.369303312231234E-001  -8.203570799787552E-002        1.967881337855516
  -2.496102287761653E-001
          48  -3.516062933782359E-007   1.851790454744494E-001
   1.264718935945568E-003   1.325909765404318E-001   2.018992411685588E-001
  -3.408924120879758E-002
          49        2.292314381313700   9.256364569632106E-001
   5.546735773145912E-001   6.181092248568863E-003   6.644203149445160E-001
  -7.215979638158889E-001
          50   1.448730645992484E-001   9.510780345214739E-001
        3.208536701349503   6.731925134392643E-002   5.428684556752530E-001
  -6.884166655327929E-001
          51   1.458406996021541E-002        2.474647081267620
        6.107841502668219   9.271190673832712E-002   6.383260651588542E-001
  -6.910960176197489E-001
          52        2.037707606234529   3.328292806882249E-001
   6.538992834003795E-001   8.666355349791886E-002   1.855713977351399E-001
   5.784115069075523E-001
          53   1.582754959685588E-001   3.778509033476227E-001
   3.729052962726430E-001  -3.784437207641422E-002        1.699832668758591
       -1.481403487328757
          54  -1.249795074316382E-001        2.344787231500869
        1.383274253432032       -1.502216270919245   6.438250436035332E-001
   2.156557970533375E-002
          55        1.873324430294791   5.882612016663535E-001
   3.695919626130179E-001   7.618344497201524E-002   6.681105115544253E-001
   4.282222137820922E-001
          56        2.048316746544694   3.983568271857833E-001
   4.677519296462668E-001   7.321448648725311E-002  -6.385018871260239E-001
   1.751188253668440E-001
          57   2.140873173712218E-001   2.594404473617816E-001
       -1.184053482004909   9.700532958801175E-003   1.891103524234166E-001
   3.242465549036628E-001
          58   9.208032482529530E-002  -1.996202875982443E-001
   9.818490373026283E-001  -1.606078680679334E-001   6.633175818114273E-002
  -6.432142775601625E-001
          59        1.770055552912365   7.170966592634648E-001
   3.570187258373433E-001  -8.867556183959409E-003   4.357715815119348E-001
       -1.046188353033664
          60        1.333245782657268   5.692644074629765E-001
   7.610281283076592E-001   1.795495674109487E-002  -9.032157601801489E-001
  -4.612521416345543E-001
          61  -2.750285640185813E-006  -6.530950078349798E-003
   1.934808952785171E-001       -1.340630106533811   1.685418498988145E-001
  -5.628199343522573E-002
          62        1.598845813402829        1.173923506443931
   4.712938360401970E-001   2.909654880412281E-002   5.983755930396797E-001
   6.222730253622962E-001
          63   1.663669021072403E-001   5.363959951197562E-001
        3.832183435591894  -7.500017485228872E-002   9.716331010998051E-001
  -6.982830825384693E-001
          64   4.905331963108221E-002   3.016119827243586E-001
        1.407020944625510   5.209250105714328E-002  -2.291553412131775E-002
  -8.494708056280020E-001
          65  -3.887285018160371E-002   3.310094901056208E-001
   4.397126369581649E-001   1.051492071122708E-001   1.260160226877199E-001
  -2.893400044306214E-001
          66  -5.685497824198121E-003   9.870988012107259E-001
   4.854664913876703E-001   3.203298338492178E-002  -4.815726800155137E-001
  -8.761997890577805E-001
          67  -3.429128354935818E-002   4.351507268510084E-001
   6.660391510429448E-001   2.101007548425102E-001   2.890691341610697E-001
   5.475947487128144E-001
          68   3.912858512708706E-003   5.692745300511376E-001
   7.737230608127219E-001   8.097745983573368E-002  -2.288518557799645E-001
   5.986745212656600E-001
          69   4.324797016231913E-002        2.179299671322385
        1.241062746067160   1.021875618145040E-002   6.925450440091402E-001
  -6.709151800654627E-001
          70   2.435257639646412E-003        1.517873409785427
   4.250908864363520E-001   6.677734498266534E-002   2.353604388275785E-001
  -1.618994557888017E-001
          71  -1.420426963751018E-002   6.373826724872453E-001
   4.095480733197064E-001   1.242051556308166E-001   3.448065559491232E-001
   4.836018828946639E-002
          72  -1.018415424560044E-002   6.371383322502126E-001
  -4.244577935790197E-001   1.020709571456764E-001   5.721343790219112E-001
   5.888800378080242E-001
          73  -2.196401883834390E-003   7.791868745941611E-001
   6.305216950882231E-001  -9.459794151558553E-003  -6.372459570732598E-001
   7.954517026282326E-001
          74  -9.547548020977192E-003   6.001124583356025E-001
   4.039465464345555E-001   1.227739236726876E-001   4.404329418161317E-001
   7.109408362711958E-002
          75   8.293025279746645E-002   7.446289862211921E-001
        3.148875106441198   2.441797828349299E-001  -4.108310209396676E-001
  -7.246128361628221E-001
          76   2.525083892075042E-002        1.425034050290531
        2.418750798987116   6.881917279164610E-001  -6.105345240052016E-001
  -6.636399052126255E-001
          77   8.085125250984747E-003   2.780512493235878E-001
       11.300723118938220  -1.324079636377962E-001  -5.518392348112438E-001
  -7.000462342367834E-001
          78  -1.645266041997973E-001   4.656872962780053E-001
  -2.613197113915542E-001   1.171160327551414E-001   4.267428817459743E-001
  -1.094278840287847E-001
          79   3.354637314603961E-002   9.343512054811872E-001
        5.046768321065878   3.918366459015638E-003   6.789585890396661E-001
  -6.903752460722726E-001
          80  -1.692133069883062E-002   4.434701085241221E-001
   6.314150616131801E-001   1.668798379658199E-001   9.401230436287243E-002
   5.688794685400577E-001
          81   1.806544543588401E-002   3.864219156114985E-001
        2.056784715450068  -7.775639769012495E-002        1.777682934247277
  -7.640368584447446E-001
          82   1.922732824429792E-002        1.830889142610504
   2.118556394010943E-001  -5.485746987578981E-003   6.332850231877316E-001
   4.973006869279881E-002
          83   2.331594683587008E-002   3.936233896304139E-001
        2.187131452778018   1.608499363637509E-002  -4.428492832082606E-001
  -6.684304401214912E-001
          84  -3.033819651759064E-003   4.734043170074947E-001
   4.661117334127814E-001  -8.455209286339475E-002        1.865667090874980
       -1.450140893606242
          85  -5.515057065062161E-003        1.009044038447781
   6.031268834621114E-001  -2.284522570823516E-002   6.746584855673000E-001
  -8.441589213416708E-001
          86   3.857943300546457E-003   5.098729276606852E-001
   7.651420308989545E-001   7.303138957780285E-002   4.340663002032327E-001
  -5.019778933358408E-001
          87   6.045660769637631E-002   2.205813524216706E-001
   6.105167814522906E-001  -2.269213009024514E-002   6.805763898555092E-001
       -1.154976678088646
          88  -1.413107361123174E-001        1.545318933590775
   7.680987228469189E-001       -1.321932072424748   7.335132174047476E-001
   3.131514918168796E-002
          89  -4.233795739879784E-003   3.753738496723966E-001
   6.616433717744259E-001   1.107771130095219E-001   2.480017682855051E-001
  -4.230024852631941E-001
          90  -4.373097837950711E-002   9.404535271610303E-001
   6.253270213474950E-001   1.515741019902819E-001   4.397918750739070E-001
   1.099258465166000E-001
          91   4.300337785346568E-002   6.698737919720396E-001
   2.419259267421570E-001  -2.108557602580490E-003  -5.383335839871596E-001
  -1.849010798605505E-001
          92  -1.430546380364929E-002   6.663426788791630E-001
   4.071165400848013E-001   1.067172897110991E-001   3.943859297615504E-001
  -5.313194707177595E-002
          93  -2.547941902117934E-002        1.029998998412466
        1.143589224698258   5.056884877700002E-002   7.781491071857186E-001
  -4.142759950682621E-001
          94   5.497982364327267E-002  -8.017306264557389E-001
   7.586385269687777E-001  -6.154934236371389E-002  -8.583817454781446E-001
  -4.114066270040118E-001
          95   6.295645448992153E-002        5.181946665318038
  -4.939502577936432E-001   3.925715303419905E-004   7.058624577271434E-001
   4.941420725665808E-001
          96  -1.703793495339291E-002   3.669861748083353E-001
   5.307049954039694E-001   1.327607621619999E-001   1.833362938070401E-002
  -4.476882743146742E-001
          97   6.856323176214023E-002   3.033506871378082E-001
   2.474998366569562E-001   2.519242617849847E-002   4.456890189558487E-001
  -8.028685681128129E-003
          98   7.622495546620033E-004   3.810725137288304E-001
   9.009775823849066E-001   5.591635419285695E-002  -7.395886168889200E-002
   5.593334406676098E-001
          99  -2.395725897678942E-004  -2.047877047648423E-001
   9.417893216773426E-002   2.044647865679961E-001   1.820183330026531E-001
  -1.969008451669319E-001
         100  -1.813195264829831E-002   3.565446412746126E-001
   5.378271811852939E-001   1.215868073065705E-001   2.081891723796523E-002
   6.294532428898806E-001
         101   8.603604976858833E-003        2.392624536355660
   6.014091160487031E-001   2.503522339103417E-001   3.746244487022334E-001
   1.100483212937848E-001
         102   1.434833287284741E-002        1.067424862179637
   4.273377677595259E-001   5.194893358402893E-003   7.475658386026826E-001
  -2.960356652782454E-001
         103  -6.402574714590858E-003       11.205839638763850
        1.074828976140790  -2.975304567197511E-002   6.974705140758815E-001
  -9.319850993225518E-001
         104  -5.439235323456314E-002   4.397390521524590E-001
   6.372642246680593E-001   2.867576010966613E-001   1.990221841119083E-001
   4.898982580295380E-001
         105  -1.060284104674157E-001   4.645962148791055E-001
   2.658361172281208E-001   1.184410171363558E-001   3.027474433245762E-001
  -4.313834832099551E-001
         106   1.562754386626101E-003        5.192948259744626
        2.637875807639027   1.226756653546322E-001   6.637134079347424E-001
  -5.838659479403874E-001
         107  -4.182518337215455E-003   6.501282993878703E-001
   4.407313648807132E-001   7.689946383331064E-002  -6.019025345266813E-001
   2.203964062563132E-001
         108  -1.594685843052236E-002   7.575327429424542E-001
        1.565163682286968   8.889342594992966E-003   5.679274518546436E-001
  -7.050268996857313E-001
         109   1.066484418684699E-002        4.151626677403849
   3.338422408967849E-001   4.238021912598625E-002   6.883516283868332E-001
  -1.978308658556328E-001
         110   2.791325593356806E-002   5.535723686225529E-001
        1.526763612803823   1.100140189052029E-001   5.617244286166467E-001
   6.593470490677897E-001
         111  -2.415751823679524E-002        3.206363191760961
   7.507231804003706E-001       -3.143560532055432        1.123745749819538
  -5.210609049834046E-001
         112  -1.917838960083716E-001        1.503537059156788
   4.021282171354910E-001   1.241116626922171E-001  -2.644887728782210E-001
  -1.335191212377042E-001
         113   3.279012313819339E-002   6.281483505165695E-001
        7.835860082422817   7.894921836101514E-002   6.362326653351701E-001
  -6.965687583186769E-001
         114   2.904503416991619E-002   2.993794088728382E-001
        1.162115220199641   3.060699068854280E-002   9.329526604557430E-002
  -5.045742591972293E-001
         115   1.946278159914393E-002   8.634269116661714E-001
       -3.092791594915517  -1.379521970476992E-002        1.345584337513538
   6.326521701695391E-001
         116  -3.856460935255564E-002   6.920355974214991E-001
   4.268043630984463E-001   1.416374652102689E-001   5.684411913692841E-001
   3.810384481818727E-001
         117  -7.172596029067904E-002   4.214285631006797E-001
   3.801686685599456E-001   4.999812013541954E-002        1.684180900187478
  -2.012337806847781E-001
         118  -8.553403315001204E-002   6.840897797140226E-001
   3.915531236433072E-001   2.724913184228226E-001  -4.864904699020431E-001
  -1.345501962774914E-001
         119  -4.533716840811423E-002   7.208087955769997E-001
  -3.438688905806887E-001   2.283186859877290E-001   4.480121205664780E-001
   2.050727165717761E-001
         120   8.934677913911785E-003   5.863061345797068E-001
        2.955053681589087  -5.237802026991003E-002   8.690973055145885E-001
  -6.736006124801340E-001
         121   3.249052450617113E-004        1.042779907044035
        8.055441453777990   6.780517731504303E-001  -6.795025264480675E-001
  -6.965379543903340E-001
         122   5.975534061040173E-002        1.481180482055644
   9.208490623652432E-001   1.278193137393486E-001   6.207770275293268E-001
   7.129382189186763E-001
         123   2.044715889387970E-002        1.554344218853104
   4.639901235651423E-001   2.403181491502007E-002   6.289584406863339E-001
  -5.017278483546133E-001
         124  -3.489068732580231E-001   8.464248014981862E-001
   8.306885876158386E-001  -3.997888513911341E-001  -1.323857200879902E-001
   6.322004228771554E-001
         125   1.300591401178447E-002        3.382860905916088
        1.743543813507713  -2.458945477914946E-002   7.121412037796926E-001
  -7.177349090212721E-001
         126   8.178636143525471E-003   3.501198991616979E-001
   7.759005161082767E-001  -1.019240052246798E-001        2.112442578569726
  -2.244286105521502E-001
         127   3.564927419764280E-002        1.179009112475522
   3.063660856961355E-001  -7.529876499013255E-003   7.684601005709215E-001
   4.200508758299739E-001
         128  -1.784767649850539E-002       23.510258701577760
   5.166066415143099E-001   4.598566858175631E-003   6.997585593106611E-001
   6.524924474694371E-002
         129  -5.933374840574575E-004   5.662530872961697E-001
        5.253855545302331  -2.239807471382761E-001   9.910871011430203E-001
  -7.043871932304093E-001
         130   1.188527497284542E-004   4.559703001182736E-001
        3.962355937999160   8.595240849346632E-002   4.979140997715212E-001
  -6.929652545352013E-001
         131  -4.642291448859401E-006        1.467449769092360
   8.367451071428722E-001   5.647977804183272E-002   6.858854741061167E-001
  -2.919285270158732E-001
         132  -9.759990827241971E-004   8.609062862355762E-001
   6.920535098796544E-001  -1.890096599716184E-001  -7.191037609005532E-001
  -6.564090234808546E-001
         133   2.840844318647954E-004   4.073655451887166E-001
   4.813416924354898E-001  -8.043667067199787E-003   8.645782540203755E-001
  -7.788373157388863E-001
         134   1.571625263088151E-004   6.921914766371466E-001
   6.524939102303163E-001   6.634588581241198E-003   9.066750105621646E-001
  -7.984899883069090E-001
         135  -1.039182198195289E-004        1.363010935186955
        1.039506311175093   1.301307729664841E-002   6.064981701233453E-001
  -7.205585709035828E-001
         136   1.535224672145788E-004   3.396207367518521E-001
   7.760942391823736E-001  -1.163376431137376E-002   1.578360579491036E-001
  -7.424934546821299E-001
         137  -8.581251465363016E-006        1.036255651350063
        1.514003694879345   5.000858608833706E-003  -6.623187139765948E-001
  -4.970136968909356E-001
         138   3.004526160033204E-004        1.442981136069137
   2.523483514020272E-001  -4.936555294860434E-003   6.308766643731048E-001
  -2.111415033928139E-001
         139  -4.724761264783138E-005   9.749614172814213E-001
   4.719099412874618E-002   7.831022207959043E-002   9.772506221036166E-001
  -1.070226322141587E-002
         140  -2.398042711113880E-004   5.381407028157660E-001
   9.882181472015655E-001   1.181055547695786E-001   7.553755605563629E-001
   5.836422505520997E-001
         141   8.670104790290060E-004        2.070851087084533
        1.463710838788940   1.876125307655943E-002   6.647689223871757E-001
  -6.895839931072113E-001
         142   1.780197096353090E-004   6.609171068491516E-001
   3.056534534692196E-001   1.129867650923613E-002  -1.615851667129103E-001
  -8.459888230558109E-001
         143   3.364519234960757E-005   5.923048009668354E-001
   9.159437367192059E-001  -6.198220456275212E-002   9.279122927430388E-001
  -7.096565990605463E-001
         144  -1.349993124543473E-003        2.209299466109834
        1.520644006492783  -8.751931672773389E-001  -5.915746956318063E-001
  -4.367275060008516E-001
         145   4.339339754726444E-004        2.453010676863988
        2.798106686772124  -1.384046100670872E-001   8.085527736871303E-001
  -7.215717454679617E-001
         146   3.305294335321896E-005   3.443834602606471E-001
        1.042475299360657   7.018022893385500E-003   2.658858260010286E-002
  -6.405644714572727E-001
         147   2.683867493534127E-004   2.432948920508644E-001
   9.399451107670954E-001   3.085305835440240E-003   5.105787512492745E-002
  -5.537168604194923E-001
         148   1.292614672175957E-004   4.104752521868665E-001
   6.335415482364245E-001   2.900723652294718E-002   8.155243241699972E-002
  -6.918712104598088E-001
         149   1.447730895380797E-005   4.560539096396500E-001
        1.597914571799146   4.917206577066303E-002  -4.042331639352421E-001
  -5.393007533708669E-001
         150   2.161222041265612E-004       -1.527686217426030
   3.794804941886568E-001   2.472800576539616E-002  -6.854328334761702E-001
       -1.758681064492282
         151   2.456973425359067E-005   5.679668361388404E-001
   3.976238342461160E-001   3.654234895045633E-002   1.758959168648954E-001
  -1.758877206985689E-001
         152   2.855705898183103E-004   4.603882547290848E-001
   7.294086599217327E-001  -1.911956766428132E-002   8.701043871444775E-001
  -8.858657804073945E-001
         153   2.301135145916413E-005   3.477902222746069E-001
        1.169218081705568   2.056823376465138E-002   7.968216917162711E-002
  -1.326243659087092E-001
         154  -6.077171824137406E-005        1.896983315667571
       -1.900011107415383       -1.336277849610234   4.108512249317043E-001
   5.956668243739819E-001
         155  -6.991208828766408E-005        1.171619905023996
        1.880000102483294  -2.436232483848523E-001   4.744847194156525E-001
   6.619449201558985E-001
         156   6.288707286861410E-006   2.585882668932557E-001
   5.695379386901609E-001   2.999330270362950E-003   1.814667281424546E-002
  -5.513058599530850E-001
         157   1.618919381457660E-004   7.866525214253033E-001
   5.465816652485563E-001   3.795715276155864E-002  -5.946047625418056E-002
  -7.931716226679954E-001
         158  -1.759995161493763E-004   3.997246568508346E-001
        1.748190331740510  -8.327733886634447E-003        1.093169474447884
  -6.109050744972843E-001
         159  -2.388299417665545E-004  -3.748882846999055E-001
   5.757814607537972E-001  -2.311309485514260E-002       -1.019449485952391
  -7.453610078561029E-001
         160   8.725854142627373E-004   3.890870993009443E-001
       -1.963955767223186  -1.794670755694917E-001        1.054267872411200
   4.131150062924107E-001
         161  -1.804077630686855E-004  -3.900812570618860E-001
   5.320061498134499E-001  -5.093357271959195E-003   9.468691393377842E-003
  -4.209445946855507E-001
         162   5.763886515695434E-005        2.222329727981041
   4.739699736998009E-001   1.076698187762274E-003   7.109513325229101E-001
  -2.250469152735382E-001
         163  -1.649367711033411E-004   5.610100210461531E-001
   8.337414550715454E-001   1.651034248611516E-001  -2.790057280923413E-001
  -6.792848019916922E-001
         164  -1.149076105053307E-003  -7.879035219688596E-001
   8.044771723723401E-001   4.640516415304188E-001  -7.632299481515957E-002
  -6.065604804228444E-001
         165   6.264238440986060E-003        4.797407600033499
       -1.189657342653334       -4.634158237331893   6.687182360001562E-001
   2.791937119007160E-001
         166   1.408592737669946E-004   6.793646965993853E-001
        1.524615414839520   1.760933943580209E-001   4.482228481141398E-001
  -2.642116620250595E-001
         167   5.127515091077616E-005   7.843690106615938E-001
        1.045636002328032  -3.815287819016582E-002   7.698816363860499E-001
  -6.767484301628290E-001
         168   6.607449392178268E-005       -1.948268304813912
   7.770743819824021E-001        1.706159106302270  -1.072068472966894E-001
  -7.150891786925604E-001
         169   2.665137255844229E-004        2.099272191505532
        5.663185380621434  -2.066446664174101E-002   7.021178690971137E-001
  -7.038453993921610E-001
         170   9.813455964924377E-005   6.789650477351561E-001
   7.671173614442746E-001  -2.734380705740004E-002   7.594566482514367E-001
  -8.473454016617509E-001
         171   3.157579481119166E-004       -2.250303061942078
   7.573934277950993E-001  -2.469088653752388E-002  -6.623542905567608E-001
  -6.195125932132162E-001
         172  -7.018994432010077E-004        1.829542893167927
   8.346396041801116E-001       -1.745812121321799  -5.934404108060175E-001
  -3.012064893524953E-001
         173   8.421755819568493E-005   4.876150720206010E-001
   5.940342595581311E-001   2.561363672338287E-001   5.559468727212317E-002
  -1.125082474442961E-001
         174   1.202488255547285E-004   3.861456020481370E-001
   5.090742367510777E-001   5.915913840175936E-003   5.247765201536223E-001
  -6.991096713202558E-001
         175   5.696990663518893E-005        1.084924378674176
   3.688717473111157E-001  -1.283225424319650E-003   7.207518207644569E-001
  -8.285841745499500E-001
         176   1.354288097439945E-004   6.669647193307530E-001
   4.057275273147496E-001   1.577951499355398E-002  -6.668654217189860E-003
  -6.845364400618544E-001
         177  -2.758797269664772E-003   5.661964095387106E-001
  -9.064738851285041E-001   4.871908686729742E-001   4.264173415038794E-001
   4.680434878581269E-001
         178   1.426684021504336E-004   4.576866465449792E-001
   6.469323667773788E-001   4.213952866335793E-002   4.858917855707465E-001
  -3.170321512901701E-001
         179   1.812235939241462E-003   4.543187339385946E-001
        4.001929690212796  -3.023192537117382E-003  -9.958365222574632E-001
  -6.844189297834269E-001
         180  -6.480426386346303E-052   5.806834743255197E-001
  -5.911016403490364E-002   5.420519321839618E-001   8.185549370251967E-001
  -2.391286869530950E-001
         181  -6.422327227924375E-005   4.810815840930115E-001
   4.725529387259717E-001   2.718849633686120E-002   4.569596396206573E-002
  -6.697978293941614E-001
         182   8.018742877951941E-005        1.042628669175055
   6.688593436145565E-001   6.906602493919907E-002   6.851914137100509E-001
  -4.670989195545242E-002
         183   2.201412635381052E-004   7.950629491278636E-001
  -6.191951793577158E-001   1.075113075015139E-001        1.011015407946950
  -2.078933687560053E-001
         184  -1.796447460899333E-003   7.634035358696528E-001
        8.370656275071433   7.560257126583792E-002  -5.770849666948185E-001
  -6.990574287308891E-001
         185   4.127264775877148E-003   3.211050298668280E-001
        7.437196440059164   1.653711298409686E-002   5.833313536393227E-002
  -6.981752169618910E-001
         186   1.315678156064394E-004   3.492338668034222E-001
   8.423270048586053E-001   8.824733706799670E-003   3.359720043388036E-001
  -4.293127412679736E-001
         187  -7.154565581541231E-005        1.228977864742258
   5.032083944550712E-001   4.690376666429211E-002   5.512234937327487E-001
   9.327177913105732E-003
         188  -1.127037562868531E-004   4.654396733775584E-001
   4.884141395158053E-001   8.475071206504885E-003   8.013756702086312E-001
  -3.298819403141931E-002
         189   8.334212037628890E-004       -1.191133783481491
        1.578221760356447  -2.427023009700394E-001   7.662458403178028E-002
  -6.234627030191857E-001
         190   1.771335891540344E-004   4.475736738175801E-001
        1.528015605254004   1.266113947573382E-001   7.544890036006998E-001
   7.185068333849691E-001
         191   7.318917228852694E-004   7.292476274986678E-001
        2.269857402925924  -6.118609666423625E-002   8.100840092115167E-001
  -7.183632168506157E-001
         192   2.193007270920719E-003        7.964123057193773
   7.887471451675302E-001   1.803092176354055E-002   6.962981712133329E-001
  -5.197181517220632E-001
         193   4.054070990092279E-005   5.179378919827546E-001
   8.792665916606985E-001   1.346080669206377E-001   2.787505537393067E-001
  -4.397652644025395E-001
         194  -1.030719790544023E-004   5.093357407807164E-001
   4.019219266695861E-001   3.813969892908055E-002   1.279848500833060E-001
  -7.941578304544339E-002
         195   1.014072681420990E-004   2.870038422996077E-001
   7.178782918777502E-001   3.996712656364356E-003   2.893080652808402E-001
  -7.149015570016850E-001
         196  -1.184249791358698E-005   3.626472246424407E-001
        1.335752017823347   7.062300775306811E-003   2.675070139138300E-001
  -6.792082357979700E-001
         197   1.230967353146043E-003   9.290670949831282E-001
        3.476623526658152  -2.161127858808705E-001  -3.913764427922171E-001
  -6.974092025004357E-001
         198   1.209890706824117E-002   4.616306027590810E-001
       18.286026053803000   2.073038748595653E-001  -1.186086510529442E-001
  -6.998443584628213E-001
         199   4.038130080053777E-004   2.849656545746325E-001
        2.751233393984492   1.416096855684541E-002  -5.127354447859460E-002
  -6.851226344009590E-001
         200   1.669482236582060E-004   4.877170091453673E-001
   8.016191432916512E-001   3.537512035828831E-002   7.490941275077662E-001
  -5.453114904432135E-002
         201  -9.088353532221051E-005   5.152359345701365E-001
        1.362378186226243   9.483919751984805E-002   2.937519892523446E-001
  -6.248305195234234E-001
         202   1.437691771354344E-004   6.223468584446613E-001
   6.897663097685756E-001   2.444538201819560E-002   8.184644978731711E-001
  -9.050482379106681E-001
         203  -5.813846337333557E-077   6.756184168393283E-001
   4.755087606430479E-002   6.641810723892486E-001   7.483702239292989E-001
  -1.090302376813875E-001
         204  -5.494687556557376E-005        1.942485195944538
   3.936424330148491E-001  -2.417592405578418E-003   7.504809969620122E-001
  -1.907699957860034E-001
         205   3.526204139477239E-004   8.459201363247889E-001
   7.791212338064406E-001   6.335728098404049E-002  -4.399616184224373E-002
  -8.209542768541976E-001
         206   2.396787506790620E-003       -2.217497492494296
   8.411154805445321E-001  -7.121061743366609E-002  -1.089488358007996E-001
  -5.372588833575319E-001
         207   7.835143452041234E-004        1.935539986475525
   7.757905502252279E-001       -1.728898139549382  -3.073367530688176E-002
  -4.615323462768212E-001
         208   5.505485773218807E-004        2.111827242454398
   7.168189465212828E-001   3.452398653956804E-002   6.549496545920258E-001
  -5.171992394586118E-001
         209   1.761820579339536E-004   3.620840937948485E-001
   7.832350678288382E-001   1.648611786878257E-002   5.066614934418259E-001
  -2.228519376088825E-001
         210  -2.917348525661650E-003   5.999746587275237E-001
  -4.948983866502812E-001  -2.718970285807225E-001   9.483051251472267E-001
  -5.199220415918725E-002
         211  -4.953167645244870E-004   1.839114801881672E-001
   4.994211212831505E-001  -3.873390076694387E-002   5.830506415611084E-003
  -3.285672351868787E-001
         212  -5.030008394465330E-005   2.470984223865914E-001
   9.055195267442359E-001   2.286197817349097E-002   7.581990621481464E-003
  -8.590651874946582E-001
         213  -1.335729289505729E-004        1.154502605426196
        1.842699121818127  -1.128211535871024E-002   2.504833916625270E-001
   7.317559401792501E-001
         214  -5.930451103521303E-004  -3.509129432353653E-001
        1.251607012810788        1.750711512658589   2.166098111672787E-001
  -2.678917336662912E-001
         215  -1.088839474283117E-003       -2.812449193612327
       -3.004013884903250       -1.837809129612025  -3.987751790391320E-001
   2.708272684397666E-001
         216  -2.104965223918142E-003  -4.572285491864960E-001
   5.592543890943539E-001   2.260867575862159E-001   3.738386111169870E-002
  -8.051187150689686E-002
         217   1.543598636468774E-004   3.187295317911725E-001
   3.726850823044452E-001   2.641348948659435E-002   3.536274829022527E-002
  -5.596592619196066E-001
         218   7.194690520769772E-005   5.892441680041703E-001
        1.186951874090674  -4.263266347002281E-002   8.299318933427868E-001
  -7.108362254835785E-001
         219  -2.693769383611315E-004        1.100652618300810
   6.181674043421565E-001   1.267307761427459E-001  -4.900070758975231E-001
  -7.137030904977033E-001
         220   2.989343503073940E-005   3.273735203057174E-001
        1.018260892145540  -1.155003181937160E-002   9.313764708575971E-002
  -6.326854689483203E-001
         221  -2.752675995559249E-004        1.432746726072863
   8.125184772282261E-001  -1.549609764627739E-002   7.368481529747109E-001
  -7.773265768269347E-001
         222  -1.965116559195610E-005   4.884961529115764E-001
   5.433446596234621E-001   4.168920833825782E-002  -1.506539027091287E-001
  -8.233705513037736E-001
         223   8.172176734507188E-005   5.645842159974006E-001
   6.837899275754104E-001   8.372935156257584E-002   2.538951275092653E-001
  -6.024575386195932E-001
         224  -8.310157165147907E-004        1.578472053842240
   8.434938437898175E-001  -8.707285481941260E-001   8.908006683074068E-001
       -1.044064674532278
         225   1.770952616255040E-004   3.980234840487391E-001
   6.862902725855608E-001   2.581762965519253E-002   6.115294137362932E-001
  -2.389095797642645E-001
         226   6.933405115159196E-004        2.799806582538450
   5.437509518278414E-001   1.583990309522241E-003   6.506488530722706E-001
  -3.143967299998620E-001
         227   4.763664591571528E-004        3.572518903790544
        1.027845424054678   4.771613064378133E-003   6.943916283621431E-001
  -6.024058874412062E-001
         228   2.344486218488593E-004   3.874915863660960E-001
   6.252429556124888E-001  -9.037605390343002E-003   5.427950710670526E-001
  -8.090394826706177E-001
         229  -1.257231282316869E-003   8.993552495493635E-001
        1.558204781785844  -1.192909972731201E-001   5.547373864920789E-001
   6.328059279685248E-002
         230   1.081875154562676E-004   2.649245029052015E-001
   5.242484437765389E-001   1.311741413479503E-002   7.488030781642444E-001
  -1.899008972247405E-001
         231  -4.170403541409892E-003  -9.164449752467241E-001
        3.140556544953928   5.451150885338125E-001   2.502598324328628E-001
  -6.981076579104895E-001
         232   2.830781825255934E-003        1.262324451390422
       16.642742794355630   3.909717234932643E-001   2.777382107486859E-001
  -6.989261593950691E-001
         233  -3.109548262205514E-003        1.323401881731937
       -1.133371987708470  -8.129754938193395E-001   6.870006981606236E-001
   1.531062613736372E-001
         234   1.655610063641026E-005        1.190456508754590
   4.793621128211100E-001  -2.480644523314574E-002   7.299790566903391E-001
       -1.030691495368414
         235   1.307230015751716E-004   8.537808113081642E-001
   8.619424650038540E-001   1.778314265030719E-002   6.352360292434972E-001
  -6.593316819830208E-001
         236  -1.492098687422525E-005   1.650536847268321E-001
   7.739017680052878E-001   4.108919872177747E-002   2.499686069922871E-002
  -7.179492413533883E-001
         237   4.166738904976076E-005   5.740580101379629E-001
   7.405117861883820E-001   9.462189686409954E-002  -1.239903839811880E-002
  -7.777648266216690E-001
         238   1.224448461027690E-004   6.657712362645935E-001
   9.974525928328876E-001   9.410006614685947E-002   3.142478652518977E-002
  -7.280919152537632E-001
         239   2.400385190823855E-003        4.614441704041520
        1.983831991833739   6.695069979326457E-001   6.897064785948449E-001
   7.143780463801427E-001
         240   1.232854013578143E-004   3.035130775008647E-001
   4.112249174502121E-001   1.629202149465375E-002   3.635543872985277E-001
  -5.081947132411931E-001
         241   1.341163177392723E-004   7.906794918746277E-001
   4.180498006883209E-001   2.286865932187260E-002   6.701541674139645E-001
   2.742656573413312E-002
         242   3.956524933849454E-005   5.826740311822066E-001
   7.566009079673987E-001   1.129521663405196E-001  -5.001427427880199E-003
  -8.053539620002420E-001
         243   5.957857384492974E-005   4.764207429097365E-001
   8.258427833937936E-001   7.123350561648145E-002   5.595087352105490E-002
  -6.093726780653140E-001
         244  -1.831256229620297E-004   5.739207068929123E-001
  -8.459772618646272E-001   1.790877399069661E-001   2.427852137623566E-001
   7.216924393527432E-001
         245  -2.623879992596357E-005   4.744680700422208E-001
   5.290160358626809E-001   7.921347027419838E-002   3.817938599103715E-001
   2.091512735498584E-001
         246  -2.449448350105731E-004   3.290532725143291E-001
  -9.713821224309202E-001   3.558836146472545E-002        1.103186029947584
   5.707987372128530E-001
         247  -9.538475612715390E-005   6.384249699307312E-001
   9.812236521722216E-001   1.650153593163214E-001  -8.858084886139994E-002
  -7.015548393870155E-001
         248   1.217661705052789E-004        1.023806686037825
   6.472506754005158E-001   1.131106591448897E-001  -3.093317373713814E-001
  -7.312409247918307E-001
         249   3.488012846269365E-003        1.283653542609590
        1.997850291330846  -2.022920528707264E-001   5.697343631459523E-001
   6.728858386689426E-001
         250   4.587106482624026E-005        1.175541101181123
   5.246869422390108E-001  -4.378652777743510E-003   6.835331630851637E-001
  -7.700090651359296E-001
         251  -3.413860813859533E-005   4.615266935577556E-001
   7.532406409142586E-001   6.347242463985310E-002   6.747749058236052E-001
   4.674815716975980E-001
         252   5.593072629457104E-004   9.897867313724025E-001
   5.866070594221602E-001   1.156289200209210E-001   4.299259754006155E-002
  -4.731393266409132E-001
         253  -7.203446628198965E-005   9.199204698508297E-001
        1.283691607954139   1.187175319096554E-001  -6.225414975267339E-001
  -6.950265128616626E-001
         254   7.472816540220468E-004   9.361019472993972E-001
   9.969219712377471E-001   1.457272556943998E-001   3.288804931976346E-001
  -4.253210262693373E-001
         255   1.953847660158857E-004   7.003058667190460E-001
   5.796694457979056E-001   8.751735083629764E-002   2.266178667945109E-001
  -4.105076206269125E-001
         256  -2.678848452618945E-005        3.836378597964852
   5.194174633131892E-001   4.258148813891424E-002  -7.504439694890167E-001
  -6.609348778072862E-001
 :END:
 
