      LinCoeff:.   AA1:        AA2:        B12:        RZ1:       RZ2:
 FNC: ======================================================================
  1   .1369D+01   .2799D+00   .3741D+00  -.1172D-02  -.8486D+00   .6045D+00
  2   .4903D+00   .3697D+00   .4494D+01  -.7405D-01   .4832D+00   .6734D+00
  3  -.1283D+01   .1680D+01   .7666D+00  -.1187D+00   .5859D+00  -.7117D+00
  4   .1353D-01  -.1379D+00   .1851D+02   .3088D+00   .7091D+00  -.6556D+00
  5   .9640D-01   .7799D+01   .2872D+01   .7849D-01   .7119D+00  -.7373D+00
  6   .2737D+00   .1291D+00   .3206D+01   .1141D-01   .1148D+01   .6173D+00
  7   .3506D-01   .9134D+00   .3925D+02   .1921D-01   .6197D+00  -.7041D+00
  8   .1608D+01   .8897D-01   .9165D+00   .5326D-02  -.1679D+00  -.6524D+00
  9   .1285D+01   .9279D+00   .3355D+00  -.3461D-01   .6290D+00  -.2198D+00
 10   .1189D-01   .6296D+01   .1435D+02  -.2530D+01   .7128D+00   .6897D+00
 11   .1058D+01   .8976D+00   .8521D+00  -.3736D-01   .4513D+00  -.7805D+00
 12   .2869D-01   .4387D+00   .5938D+01  -.1896D+00  -.2729D+00  -.3163D+00
 13   .1439D+01   .2260D+00   .9621D-01  -.1724D-01   .4572D+00   .2583D+00
 14   .1645D+00   .1631D+01   .6876D+00  -.1375D+00  -.1179D+00  -.3191D+00
 15   .5786D+00   .1311D+01   .2851D+01  -.5348D-01   .6447D+00  -.6540D+00
 16   .1012D+00   .8269D-01   .1319D+02  -.7694D-02   .1081D+00   .6874D+00
 17   .1172D+00   .4348D+01   .1717D+01  -.3517D+00  -.6441D+00  -.6699D+00
 18   .9004D+00   .1716D+00   .1025D+01  -.2484D-01   .3894D+00  -.1824D+00
 19   .1526D+01   .4641D+00   .3468D+00  -.1960D-01   .6532D+00  -.3121D+00
 20  -.9010D+00   .1043D+01   .3856D+00   .6131D+00  -.5738D+00  -.1727D+00
 21   .2845D+00   .6797D-01   .2926D+01  -.2173D-02   .6178D-01  -.6446D+00
 22   .5441D+00   .1371D+00   .6149D+01   .1089D-01   .2873D+00  -.6950D+00
 23  -.6706D+01   .2289D+00   .4554D+00  -.9045D-01   .3592D+00   .5441D+00
 24  -.2395D-01   .3834D+00   .1578D+01   .2682D+02   .9109D+00   .4431D+00
 25   .9140D+00   .7409D+00   .1754D+01  -.2033D-01   .6140D+00   .6118D+00
 26  -.2378D-05   .1132D+02   .3243D+01  -.2444D+01   .7919D+00  -.1813D+01
 27   .6252D+00   .2344D+01   .2578D+00  -.5882D-01   .3275D+00  -.3940D+00
 28   .4154D+00   .4359D+00   .5319D+01  -.6693D-02   .7648D+00  -.6791D+00
 29   .1735D+01   .2101D+00   .4020D+00  -.5359D-01  -.2417D+00  -.3491D+00
 30   .1601D-01   .2951D+00   .1328D+03  -.1128D+00  -.8479D-01  -.6993D+00
 31   .1981D-01   .9698D+02   .3843D+00   .1973D+00   .6991D+00   .4887D+00
 32   .1427D+01   .5086D+00   .2681D+00  -.1231D+00   .5379D+00   .3446D+00
 33   .1033D+01   .2332D+01   .4650D+00  -.1936D-01   .7027D+00  -.5174D+00
 34   .1310D-01   .1777D+03   .1257D+01  -.5947D-02   .6985D+00  -.5965D+00
 35   .1824D+01   .2035D+00   .3960D+00  -.5108D-01  -.3468D+00  -.6349D+00
 36   .1212D+01   .1558D+00   .2002D+01   .2871D-02   .6593D+00  -.7264D+00
 37   .7613D-01   .2856D+01   .1541D+01   .5214D-02  -.8812D+00   .3867D-01
 38   .1805D+01   .5667D+00   .2857D+00  -.3672D-01  -.4440D+00  -.1876D+00
 39   .8607D+00   .7197D+00   .6759D+00  -.7803D-01  -.3106D+00  -.5534D+00
 40   .1638D-01   .1491D+00   .7142D+03   .1158D+00   .8798D+00  -.7002D+00
 41   .1996D+01   .7136D+00   .1587D+01  -.7152D-01   .7065D+00  -.5860D+00
 42  -.1421D+01   .3321D+00   .1850D+00   .2162D+00  -.2820D+00  -.5881D+00
 43   .1079D+00   .4598D+00   .1359D+02  -.8660D-01  -.4945D+00  -.6760D+00
 44   .1459D-01   .2412D+01   .3639D+02  -.9124D+00  -.6998D+00  -.6981D+00
 45   .1693D+01   .2404D+00   .4918D+00  -.1066D+00   .3668D+00   .5277D+00
 46   .6952D-01   .1638D+00   .3559D+02  -.2820D-01   .4711D-01  -.6959D+00
 47   .3038D+00   .3243D-01   .3932D+00   .1866D-01   .1968D+01  -.2496D+00
 48  -.3343D-05   .5884D-01   .4214D-01  -.2455D-01   .2019D+00  -.3409D-01
 49   .2292D+01   .8622D+00   .3133D+00  -.5485D-02   .6642D+00  -.7215D+00
 50   .1443D+00   .9687D+00   .1036D+02  -.6438D-01   .5432D+00  -.6888D+00
 51   .1490D-01   .6353D+01   .3754D+02  -.2297D+00   .6384D+00  -.6916D+00
 52   .2038D+01   .1398D+00   .4640D+00  -.2890D-01   .1857D+00   .5785D+00
 53   .1578D+00   .1284D+00   .1261D+00   .1454D-01   .1700D+01  -.1481D+01
 54  -.1257D+00   .1977D+01   .6488D+00   .3523D+01   .6438D+00   .2156D-01
 55   .1873D+01   .3906D+00   .1869D+00  -.4459D-01   .6680D+00   .4283D+00
 56   .2048D+01   .1882D+00   .2535D+00  -.2925D-01  -.6383D+00   .1750D+00
 57   .2140D+00   .6984D-01   .1405D+01  -.2481D-02   .1891D+00   .3243D+00
 58   .9220D-01   .7176D-01   .1022D+01  -.3204D-01   .6633D-01  -.6434D+00
 59   .1770D+01   .5086D+00   .1220D+00   .5928D-02   .4356D+00  -.1046D+01
 60   .1333D+01   .3341D+00   .5903D+00  -.1066D-01  -.9032D+00  -.4613D+00
 61  -.3643D-04   .8798D-02   .1843D+01  -.8756D-02   .1685D+00  -.5628D-01
 62   .1599D+01   .1410D+01   .2564D+00  -.3386D-01   .5980D+00   .6223D+00
 63   .1661D+00   .2475D+00   .1465D+02   .4009D-01   .9718D+00  -.6986D+00
 64   .4906D-01   .1067D+00   .1998D+01  -.1573D-01  -.2289D-01  -.8495D+00
 65  -.3885D-01   .1444D+00   .2392D+00  -.3479D-01   .1260D+00  -.2893D+00
 66  -.5604D-02   .1006D+01   .2683D+00  -.3161D-01  -.4816D+00  -.8762D+00
 67  -.3428D-01   .2808D+00   .5791D+00  -.9141D-01   .2891D+00   .5476D+00
 68   .3883D-02   .3702D+00   .6513D+00  -.4610D-01  -.2289D+00   .5987D+00
 69   .4327D-01   .4771D+01   .1563D+01  -.2214D-01   .6926D+00  -.6709D+00
 70   .2398D-02   .2405D+01   .2865D+00  -.1014D+00   .2354D+00  -.1619D+00
 71  -.1427D-01   .4854D+00   .2623D+00  -.7916D-01   .3448D+00   .4836D-01
 72  -.1021D-01   .4710D+00   .2556D+00  -.6503D-01   .5721D+00   .5889D+00
 73  -.2213D-02   .5998D+00   .3903D+00   .7369D-02  -.6372D+00   .7955D+00
 74  -.9615D-02   .4338D+00   .2519D+00  -.7368D-01   .4404D+00   .7109D-01
 75   .8271D-01   .7355D+00   .1016D+02  -.1819D+00  -.4107D+00  -.7248D+00
 76   .2496D-01   .3011D+01   .7305D+01  -.9809D+00  -.6106D+00  -.6634D+00
 77   .8301D-02   .4096D-01   .1277D+03   .3696D-01  -.5519D+00  -.7003D+00
 78  -.1645D+00   .2716D+00   .1363D+00  -.5447D-01   .4268D+00  -.1095D+00
 79   .3379D-01   .8765D+00   .2547D+02  -.3935D-02   .6792D+00  -.6901D+00
 80  -.1698D-01   .2707D+00   .5005D+00  -.7400D-01   .9401D-01   .5689D+00
 81   .1790D-01   .1192D+00   .4206D+01   .3008D-01   .1778D+01  -.7640D+00
 82   .1952D-01   .3342D+01   .3452D-01   .1036D-01   .6332D+00   .4973D-01
 83   .2347D-01   .1613D+00   .4790D+01  -.6330D-02  -.4428D+00  -.6684D+00
 84  -.3302D-02   .1841D+00   .1844D+00   .4002D-01   .1866D+01  -.1450D+01
 85  -.5537D-02   .9951D+00   .3412D+00   .2304D-01   .6747D+00  -.8442D+00
 86   .3812D-02   .2972D+00   .6280D+00  -.3724D-01   .4341D+00  -.5020D+00
 87   .6054D-01   .4355D-01   .3683D+00   .5021D-02   .6806D+00  -.1155D+01
 88  -.1416D+00   .3428D+00   .2966D+00   .2044D+01   .7332D+00   .3113D-01
 89  -.4315D-02   .1825D+00   .4916D+00  -.4158D-01   .2480D+00  -.4230D+00
 90  -.4368D-01   .1027D+01   .5565D+00  -.1424D+00   .4397D+00   .1099D+00
 91   .4290D-01   .4472D+00   .5706D-01   .1486D-02  -.5383D+00  -.1849D+00
 92  -.1436D-01   .5151D+00   .2482D+00  -.7110D-01   .3944D+00  -.5313D-01
 93  -.2562D-01   .1113D+01   .1362D+01  -.5208D-01   .7781D+00  -.4143D+00
 94   .5480D-01   .6920D+00   .6286D+00  -.4931D-01  -.8583D+00  -.4114D+00
 95   .6280D-01   .2685D+02   .2451D+00  -.1736D-02   .7060D+00   .4941D+00
 96  -.1708D-01   .1834D+00   .3480D+00  -.4872D-01   .1833D-01  -.4477D+00
 97   .6838D-01   .9970D-01   .6947D-01  -.7668D-02   .4457D+00  -.8021D-02
 98   .7081D-03   .1665D+00   .8362D+00  -.2131D-01  -.7396D-01   .5593D+00
 99  -.2791D-03   .6585D-04   .8803D-02   .4187D-01   .1820D+00  -.1969D+00
100  -.1820D-01   .1705D+00   .3474D+00  -.4335D-01   .2082D-01   .6295D+00
101   .9465D-02   .6324D+01   .1023D+01  -.5989D+00   .3746D+00   .1101D+00
102   .1428D-01   .1145D+01   .1882D+00  -.5546D-02   .7476D+00  -.2960D+00
103  -.8568D-02   .1252D+03   .8308D+00   .3250D+00   .6977D+00  -.9320D+00
104  -.5433D-01   .3194D+00   .6142D+00  -.1261D+00   .1990D+00   .4899D+00
105  -.1061D+00   .2711D+00   .1396D+00  -.5507D-01   .3028D+00  -.4314D+00
106   .1094D-02   .2760D+02   .7611D+01  -.6371D+00   .6637D+00  -.5839D+00
107  -.4257D-02   .4727D+00   .2501D+00  -.4999D-01  -.6019D+00   .2204D+00
108  -.1596D-01   .5806D+00   .2457D+01  -.6729D-02   .5679D+00  -.7050D+00
109   .1103D-01   .1741D+02   .2878D+00  -.1746D+00   .6884D+00  -.1978D+00
110   .2787D-01   .3674D+00   .2404D+01  -.6091D-01   .5617D+00   .6594D+00
111  -.2369D-01   .2007D+00   .3628D+00   .1008D+02   .1124D+01  -.5211D+00
112  -.1920D+00   .2447D+01   .3632D+00  -.1863D+00  -.2645D+00  -.1335D+00
113   .3264D-01   .4446D+00   .6146D+02  -.4976D-01   .6363D+00  -.6963D+00
114   .2896D-01   .9880D-01   .1361D+01  -.9162D-02   .9329D-01  -.5046D+00
115   .1958D-01   .7338D+00   .9554D+01   .1182D-01   .1346D+01   .6321D+00
116  -.3855D-01   .5768D+00   .3002D+00  -.9799D-01   .5684D+00   .3810D+00
117  -.7198D-01   .1985D+00   .1678D+00  -.2098D-01   .1684D+01  -.2012D+00
118  -.8542D-01   .6538D+00   .4138D+00  -.1863D+00  -.4865D+00  -.1346D+00
119  -.4516D-01   .6838D+00   .3348D+00  -.1645D+00   .4480D+00   .2051D+00
120   .8853D-02   .3130D+00   .8704D+01   .3071D-01   .8691D+00  -.6736D+00
121   .5260D-03   .1794D+01   .6606D+02  -.7071D+00  -.6795D+00  -.6965D+00
122   .6002D-01   .2384D+01   .1054D+01  -.1897D+00   .6208D+00   .7129D+00
123   .2042D-01   .2453D+01   .2532D+00  -.3730D-01   .6290D+00  -.5017D+00
124  -.3484D+00   .3785D+00   .5115D+00   .3383D+00  -.1324D+00   .6319D+00
125   .1285D-01   .1136D+02   .2957D+01   .8324D-01   .7121D+00  -.7178D+00
126   .8316D-02   .8691D-01   .5767D+00   .3568D-01   .2112D+01  -.2244D+00
127   .3554D-01   .1381D+01   .8496D-01   .8949D-02   .7684D+00   .4200D+00
128  -.1481D-01   .5528D+03   .3819D+00  -.1086D+00   .6995D+00   .6536D-01
129  -.7883D-03   .1938D+00   .2753D+02   .1268D+00   .9911D+00  -.7044D+00
130  -.1123D-03   .2471D+00   .1575D+02  -.3919D-01   .4979D+00  -.6930D+00
131  -.6258D-04   .2236D+01   .7862D+00  -.8288D-01   .6859D+00  -.2919D+00
132  -.6222D-03   .5784D+00   .3519D+00   .1627D+00  -.7191D+00  -.6564D+00
133   .2022D-03   .1627D+00   .2285D+00   .3277D-02   .8646D+00  -.7788D+00
134   .7769D-04   .4837D+00   .4304D+00  -.4592D-02   .9067D+00  -.7985D+00
135  -.1678D-03   .1876D+01   .1098D+01  -.1774D-01   .6065D+00  -.7206D+00
136   .3770D-04   .1114D+00   .5985D+00   .3951D-02   .1578D+00  -.7425D+00
137  -.3362D-04   .1079D+01   .2297D+01  -.5182D-02  -.6623D+00  -.4970D+00
138   .2848D-03   .2075D+01   .5658D-01   .7125D-02   .6309D+00  -.2111D+00
139  -.6291D-04   .1027D+01   .8471D-01  -.7635D-01   .9773D+00  -.1070D-01
140  -.2178D-03   .3532D+00   .1054D+01  -.6356D-01   .7554D+00   .5836D+00
141   .8721D-03   .4327D+01   .2182D+01  -.3885D-01   .6648D+00  -.6896D+00
142   .8438D-04   .4443D+00   .1010D+00  -.7467D-02  -.1616D+00  -.8460D+00
143   .4745D-04   .3141D+00   .8061D+00   .3671D-01   .9279D+00  -.7097D+00
144  -.4483D-03   .2947D+01   .1145D+01   .1934D+01  -.5916D+00  -.4367D+00
145   .7880D-03   .5678D+01   .7509D+01   .3395D+00   .8086D+00  -.7216D+00
146  -.2120D-04   .1210D+00   .1089D+01  -.2417D-02   .2659D-01  -.6406D+00
147   .1397D-03   .5994D-01   .8843D+00  -.7506D-03   .5106D-01  -.5537D+00
148   .3872D-04   .1804D+00   .4141D+00  -.1191D-01   .8155D-01  -.6919D+00
149  -.5889D-04   .2304D+00   .2578D+01  -.2243D-01  -.4042D+00  -.5393D+00
150  -.7209D-04   .2296D+01   .1068D+00   .3778D-01  -.6854D+00  -.1759D+01
151  -.1231D-05   .3433D+00   .1802D+00  -.2075D-01   .1759D+00  -.1759D+00
152   .1507D-03   .2032D+00   .5236D+00   .8802D-02   .8701D+00  -.8859D+00
153  -.6961D-04   .1281D+00   .1375D+01  -.7153D-02   .7968D-01  -.1326D+00
154   .4608D-04   .1064D+01   .2861D+01   .2535D+01   .4109D+00   .5957D+00
155   .2803D-03   .1087D+01   .3308D+01   .2854D+00   .4745D+00   .6619D+00
156  -.1441D-04   .6764D-01   .3252D+00  -.7756D-03   .1815D-01  -.5513D+00
157   .7034D-04   .6487D+00   .3301D+00  -.2986D-01  -.5946D-01  -.7932D+00
158  -.1087D-03   .1565D+00   .3053D+01   .3329D-02   .1093D+01  -.6109D+00
159  -.1922D-03   .1492D+00   .3407D+00  -.8665D-02  -.1019D+01  -.7454D+00
160   .6092D-03   .8156D-01   .3820D+01   .6983D-01   .1054D+01   .4131D+00
161  -.1004D-03   .1542D+00   .2850D+00  -.1987D-02   .9469D-02  -.4209D+00
162   .3420D-03   .4941D+01   .2270D+00  -.2391D-02   .7110D+00  -.2250D+00
163  -.1209D-03   .4074D+00   .8150D+00  -.9262D-01  -.2790D+00  -.6793D+00
164  -.6294D-03   .2552D+00   .4969D+00   .3656D+00  -.7632D-01  -.6066D+00
165   .6083D-02   .7794D+00   .6609D+00   .2223D+02   .6686D+00   .2791D+00
166   .9310D-04   .5812D+00   .2475D+01  -.1196D+00   .4482D+00  -.2642D+00
167   .2519D-04   .5853D+00   .1065D+01   .2993D-01   .7699D+00  -.6767D+00
168  -.1815D-03   .4717D+00   .1908D+00   .3324D+01  -.1072D+00  -.7151D+00
169  -.2794D-04   .4364D+01   .3203D+02   .4338D-01   .7021D+00  -.7038D+00
170   .6347D-04   .4424D+00   .5707D+00   .1857D-01   .7595D+00  -.8473D+00
171   .4352D-03   .5119D+01   .6298D+00  -.5556D-01  -.6624D+00  -.6195D+00
172  -.3785D-03   .1532D+00   .5504D+00   .3194D+01  -.5934D+00  -.3012D+00
173  -.2853D-04   .3627D+00   .5434D+00  -.1249D+00   .5559D-01  -.1125D+00
174   .8425D-04   .1514D+00   .2615D+00  -.2284D-02   .5248D+00  -.6991D+00
175   .1667D-04   .1176D+01   .1347D+00   .1392D-02   .7208D+00  -.8286D+00
176   .7365D-04   .4554D+00   .1754D+00  -.1052D-01  -.6669D-02  -.6845D+00
177  -.1423D-02   .5964D+00   .1335D+01  -.2758D+00   .4264D+00   .4680D+00
178   .6939D-04   .2288D+00   .4396D+00  -.1929D-01   .4859D+00  -.3170D+00
179   .1144D-02   .2050D+00   .1601D+02   .1374D-02  -.9958D+00  -.6844D+00
180   .1270D-49   .6520D+00   .6121D+00  -.3148D+00   .8186D+00  -.2391D+00
181  -.4269D-04   .2445D+00   .2371D+00  -.1308D-01   .4570D-01  -.6698D+00
182   .4591D-04   .1159D+01   .5242D+00  -.7201D-01   .6852D+00  -.4671D-01
183   .8182D-04   .7176D+00   .4804D+00  -.8548D-01   .1011D+01  -.2079D+00
184  -.1027D-02   .6405D+00   .7013D+02  -.5772D-01  -.5771D+00  -.6990D+00
185   .2051D-02   .1085D+00   .5532D+02  -.5310D-02   .5833D-01  -.6982D+00
186   .4297D-04   .1250D+00   .7127D+00  -.3082D-02   .3360D+00  -.4293D+00
187  -.7345D-04   .1568D+01   .3131D+00  -.5764D-01   .5512D+00   .9327D-02
188  -.6089D-04   .2206D+00   .2426D+00  -.3945D-02   .8014D+00  -.3299D-01
189   .5722D-03   .1708D+01   .2839D+01  -.2891D+00   .7662D-01  -.6235D+00
190   .3180D-05   .2570D+00   .2408D+01  -.5667D-01   .7545D+00   .7185D+00
191   .5947D-03   .4872D+00   .5111D+01   .4462D-01   .8101D+00  -.7184D+00
192   .2610D-02   .6357D+02   .7677D+00  -.1452D+00   .6963D+00  -.5197D+00
193   .4017D-04   .3380D+00   .8609D+00  -.6972D-01   .2788D+00  -.4398D+00
194  -.7050D-04   .2788D+00   .1824D+00  -.1943D-01   .1280D+00  -.7942D-01
195   .1971D-04   .8352D-01   .5165D+00  -.1147D-02   .2893D+00  -.7149D+00
196  -.4847D-04   .1341D+00   .1787D+01  -.2561D-02   .2675D+00  -.6792D+00
197   .2651D-03   .6624D+00   .1193D+02   .2008D+00  -.3914D+00  -.6974D+00
198   .9337D-02   .3071D+00   .3345D+03  -.9536D-01  -.1186D+00  -.6997D+00
199   .2949D-03   .8524D-01   .7574D+01  -.4035D-02  -.5127D-01  -.6851D+00
200   .9064D-04   .2551D+00   .6611D+00  -.1725D-01   .7491D+00  -.5453D-01
201  -.8484D-04   .3143D+00   .1914D+01  -.4886D-01   .2938D+00  -.6248D+00
202   .6812D-04   .4025D+00   .4916D+00  -.1521D-01   .8185D+00  -.9050D+00
203   .1081D-74   .9052D+00   .8921D+00  -.4487D+00   .7484D+00  -.1090D+00
204   .6533D-04   .3769D+01   .1503D+00   .4696D-02   .7505D+00  -.1908D+00
205   .1620D-03   .7692D+00   .6646D+00  -.5360D-01  -.4400D-01  -.8210D+00
206   .1716D-02   .5075D+01   .8704D+00  -.1578D+00  -.1090D+00  -.5372D+00
207   .9152D-04   .4000D+00   .2446D+00   .3346D+01  -.3073D-01  -.4615D+00
208   .4674D-03   .4533D+01   .5879D+00  -.7291D-01   .6550D+00  -.5172D+00
209   .7990D-04   .1371D+00   .6197D+00  -.5969D-02   .5067D+00  -.2229D+00
210  -.1557D-02   .1969D+00   .1558D+00   .1631D+00   .9483D+00  -.5199D-01
211  -.2627D-03   .2670D-01   .2438D+00   .7124D-02   .5831D-02  -.3286D+00
212  -.3892D-04   .6671D-01   .8261D+00  -.5649D-02   .7582D-02  -.8591D+00
213   .1126D-03   .1320D+01   .3383D+01   .1303D-01   .2505D+00   .7318D+00
214  -.9772D-03  -.4912D+00   .4017D+01   .6143D+00   .2166D+00  -.2679D+00
215  -.9137D-03   .1308D+02   .1757D+02  -.5169D+01  -.3988D+00   .2708D+00
216  -.1046D-02   .1057D+00   .2605D+00   .1034D+00   .3738D-01  -.8051D-01
217   .5489D-04   .1100D+00   .1480D+00  -.8419D-02   .3536D-01  -.5597D+00
218   .1336D-04   .3221D+00   .1386D+01   .2512D-01   .8299D+00  -.7108D+00
219  -.2731D-03   .1351D+01   .5377D+00  -.1395D+00  -.4900D+00  -.7137D+00
220  -.2499D-04   .1034D+00   .1033D+01   .3781D-02   .9314D-01  -.6327D+00
221  -.2922D-03   .2031D+01   .6382D+00   .2220D-01   .7368D+00  -.7773D+00
222  -.4519D-04   .2590D+00   .3173D+00  -.2037D-01  -.1507D+00  -.8234D+00
223   .2272D-04   .3660D+00   .5219D+00  -.4727D-01   .2539D+00  -.6025D+00
224   .2095D-03   .1117D+01   .9524D-01   .1374D+01   .8908D+00  -.1044D+01
225   .9992D-04   .1687D+00   .4819D+00  -.1028D-01   .6115D+00  -.2389D+00
226   .7241D-03   .7843D+01   .3001D+00  -.4430D-02   .6507D+00  -.3144D+00
227  -.5343D-03   .1278D+02   .1073D+01  -.1700D-01   .6944D+00  -.6024D+00
228   .1190D-03   .1466D+00   .3875D+00   .3502D-02   .5428D+00  -.8090D+00
229  -.7931D-03   .7015D+00   .2335D+01   .1073D+00   .5547D+00   .6328D-01
230   .8214D-04   .7366D-01   .2785D+00  -.3475D-02   .7488D+00  -.1899D+00
231  -.2158D-02   .3403D+00   .9661D+01   .4995D+00   .2503D+00  -.6982D+00
232   .2922D-02   .2087D+01   .2776D+03  -.4936D+00   .2777D+00  -.6986D+00
233  -.1669D-02   .6755D+00   .8695D+00   .1076D+01   .6870D+00   .1531D+00
234  -.7984D-05   .1388D+01   .2009D+00   .2953D-01   .7300D+00  -.1031D+01
235   .1297D-03   .7441D+00   .7584D+00  -.1518D-01   .6352D+00  -.6593D+00
236   .4658D-04   .3402D-01   .6074D+00  -.6782D-02   .2500D-01  -.7179D+00
237  -.1385D-04   .3839D+00   .6116D+00  -.5432D-01  -.1240D-01  -.7778D+00
238   .5990D-04   .5059D+00   .1066D+01  -.6265D-01   .3142D-01  -.7281D+00
239   .1788D-02   .2438D+02   .7473D+01  -.3089D+01   .6896D+00   .7145D+00
240   .6564D-04   .9707D-01   .1743D+00  -.4945D-02   .3636D+00  -.5082D+00
241   .4329D-04   .6433D+00   .1934D+00  -.1808D-01   .6702D+00   .2743D-01
242  -.1331D-04   .4053D+00   .6510D+00  -.6581D-01  -.5001D-02  -.8054D+00
243   .2156D-04   .2609D+00   .7210D+00  -.3394D-01   .5595D-01  -.6094D+00
244  -.1289D-03   .4322D+00   .8505D+00  -.1028D+00   .2428D+00   .7217D+00
245  -.4974D-04   .2627D+00   .3237D+00  -.3758D-01   .3818D+00   .2092D+00
246  -.1882D-03   .1200D+00   .9566D+00  -.1171D-01   .1103D+01   .5708D+00
247  -.5371D-04   .5129D+00   .1095D+01  -.1053D+00  -.8858D-01  -.7016D+00
248  -.2015D-04   .1164D+01   .5475D+00  -.1158D+00  -.3093D+00  -.7312D+00
249   .1701D-02   .1388D+01   .3773D+01   .2597D+00   .5697D+00   .6729D+00
250   .1197D-04   .1377D+01   .2702D+00   .5147D-02   .6835D+00  -.7700D+00
251  -.5301D-04   .2423D+00   .6007D+00  -.2929D-01   .6748D+00   .4675D+00
252   .3277D-03   .1094D+01   .4719D+00  -.1144D+00   .4299D-01  -.4731D+00
253  -.9413D-04   .9555D+00   .1771D+01  -.1092D+00  -.6225D+00  -.6950D+00
254   .5571D-03   .1013D+01   .1152D+01  -.1364D+00   .3289D+00  -.4253D+00
255   .9201D-04   .5517D+00   .4050D+00  -.6129D-01   .2266D+00  -.4105D+00
256  -.2823D-03   .1488D+02   .4349D+00  -.1633D+00  -.7504D+00  -.6609D+00
 ---------------------------------------------------------------------------
 ENERGY=      -1.174462057804866   --->   ||g||^2 =   6.693908119802646E-009
 
 :BEGIN:
         256
           1        1.368657587101372   5.279900710730515E-001
   6.106720381134979E-001   2.220602615349282E-003  -8.486231059310764E-001
   6.044637033516124E-001
           2   4.902534279203105E-001   5.437613725158956E-001
       -2.097935952475041   1.361787325336395E-001   4.831966032049767E-001
   6.733999275869266E-001
           3       -1.282555067097638        1.249515794628703
   7.993438884191783E-001   9.495992040764824E-002   5.859008915557334E-001
  -7.116617635437853E-001
           4   1.353175394209643E-002   4.134346622004071E-001
       -4.273245891664780  -7.469636398976352E-001   7.090712187390117E-001
  -6.555978057667583E-001
           5   9.640080613160895E-002        2.806673171170336
        1.717396836258442  -2.796678085141459E-002   7.119471247156614E-001
  -7.373043080712255E-001
           6   2.737131024982525E-001   3.748675543171484E-001
        1.793458141635598  -3.042494066165472E-002        1.147832484714264
   6.173099039534075E-001
           7   3.506023150902336E-002   9.656969343614068E-001
        6.266398541075623  -1.989618310615770E-002   6.197204945471265E-001
  -7.040562493022824E-001
           8        1.608264881301122   3.070833208566099E-001
   9.599570662451842E-001  -1.734285967937329E-002  -1.678716290171966E-001
  -6.524079501552155E-001
           9        1.285235052820056   9.451516730847924E-001
   5.473080736499301E-001   3.661471684693327E-002   6.289563676819283E-001
  -2.198085876095468E-001
          10   1.189380977233662E-002        1.940583228958301
        3.180999192774062        1.303705827436614   7.127676282307568E-001
   6.896606850274075E-001
          11        1.058491704825519   9.274731948193479E-001
   9.017460871278001E-001   4.028168218132128E-002   4.513304890396608E-001
  -7.805298174839012E-001
          12   2.868707071080922E-002   4.990678918144016E-001
        2.367260490650899   3.798763310014103E-001  -2.728945055800177E-001
  -3.162656899681800E-001
          13        1.438743273358115   4.569105469022851E-001
   2.784709377064841E-001   3.772917400113311E-002   4.571833250478571E-001
   2.583489558398274E-001
          14   1.645387434853850E-001       -1.222233331301246
  -7.331051616619874E-001  -1.124792516406683E-001  -1.179342203201334E-001
  -3.191304828644487E-001
          15   5.785660179714648E-001        1.121339194637097
        1.671871036524331   4.768968901484550E-002   6.446584617559091E-001
  -6.539680742005949E-001
          16   1.011664935281091E-001   2.738515473206766E-001
        3.630813404303794   2.809596297341671E-002   1.080891890468170E-001
   6.873737539452048E-001
          17   1.171792557991937E-001        1.999112753928174
        1.155129747689646   1.759218328107962E-001  -6.441477404144789E-001
  -6.699499806959915E-001
          18   9.003719501014416E-001   3.830710313860301E-001
   9.980642372645806E-001   6.483407573896209E-002   3.894456493632170E-001
  -1.823574634224606E-001
          19        1.526480267213874   6.666931332665402E-001
   5.712645346000896E-001   2.939244333099662E-002   6.531577701738202E-001
  -3.121286020672281E-001
          20  -9.009659115641038E-001       -1.286954537917568
   8.784852361465804E-001   4.764302807612780E-001  -5.738472318296825E-001
  -1.726782488738152E-001
          21   2.844783103376320E-001   2.565163437923178E-001
        1.709912626605048   8.470838029764598E-003   6.177948110794367E-002
  -6.445971202478541E-001
          22   5.441241840659598E-001   3.846880919849503E-001
        2.481815170133983  -2.830120149160858E-002   2.873227120920865E-001
  -6.949632546411388E-001
          23       -6.706134967205456   3.720966190196073E-001
   5.530064566759071E-001   2.430818594550818E-001   3.591513225887948E-001
   5.441263001411123E-001
          24  -2.394845559356742E-002        5.215611128319489
        1.398720707790955       -5.142092620565859   9.108584017422973E-001
   4.430521643434803E-001
          25   9.139615326127881E-001   8.488576346461867E-001
        1.316351522854237   2.394482930054154E-002   6.139588616065096E-001
   6.117573303422298E-001
          26  -2.378183540015215E-006        2.979168892696062
  -3.542664488229309E-001   8.204293937024607E-001   7.918840782562905E-001
       -1.812985632430701
          27   6.251799999185130E-001        1.511767038038651
   4.443481811653955E-001   3.891095949461032E-002   3.274663314688661E-001
  -3.940023640332659E-001
          28   4.153646680396596E-001   6.551643201431409E-001
        2.304771851529972   1.021526997203110E-002   7.648134313985701E-001
  -6.790983434050759E-001
          29        1.734731697900394   3.956716639015802E-001
   5.745511183777687E-001   1.354395436787148E-001  -2.416542914833360E-001
  -3.490632312562707E-001
          30   1.601010295262825E-002   4.269267133832914E-001
       11.517367916912350   2.642753543983126E-001  -8.479395180560595E-002
  -6.992531735301604E-001
          31   1.980911015197742E-002        9.857955400865844
   7.623618024069534E-001  -2.001640254796345E-002   6.991063662475739E-001
   4.886937863506923E-001
          32        1.427227836213607   6.208747040872974E-001
   3.249410666035960E-001   1.983334386944197E-001   5.379465607274462E-001
   3.445641787340041E-001
          33        1.032983278553377        1.520827568601820
   6.674476106507470E-001   1.272714713010170E-002   7.027475812911592E-001
  -5.173631346114973E-001
          34   1.309884636702130E-002       13.331848370913970
        1.118452055381446   4.460711351212455E-004   6.985109496117957E-001
  -5.965107715690587E-001
          35        1.823580185517558   3.903767837930501E-001
   5.725529107390915E-001   1.308472171911529E-001  -3.467918898770173E-001
  -6.349443649617276E-001
          36        1.211705344621362   3.982974740675254E-001
        1.416041995265852  -7.208403276905000E-003   6.592632305435160E-001
  -7.263594779948382E-001
          37   7.613077732294334E-002        1.691381370712406
        1.243472333471767  -3.082956685646721E-003  -8.811599711014323E-001
   3.867339805654620E-002
          38        1.805207026511943   7.279910224452807E-001
   4.964601606029993E-001   5.044226936170517E-002  -4.439776965972885E-001
  -1.875530733776146E-001
          39   8.607122830095687E-001   8.010445559616699E-001
   7.670376356247066E-001   9.740870823102771E-002  -3.106042729394265E-001
  -5.534201643864656E-001
          40   1.637996227435015E-002   5.146612602559624E-001
       26.726250888672960  -2.249597105327381E-001   8.798371055215172E-001
  -7.001832921636945E-001
          41        1.995598338266493   8.012992027053116E-001
        1.227820327316144   8.925436939790936E-002   7.064527541357810E-001
  -5.859583903228220E-001
          42       -1.421044060701794   7.404847714448669E-001
   5.621424618882344E-001  -2.920172150734125E-001  -2.820062509931311E-001
  -5.881232989046434E-001
          43   1.079335306454306E-001   6.109159122952981E-001
        3.671970625107249   1.417585345199685E-001  -4.944929797686555E-001
  -6.759768674551137E-001
          44   1.459325496846084E-002        1.224750936439606
        5.909232288747989   7.449839237122476E-001  -6.997552630632300E-001
  -6.980614971534943E-001
          45        1.693092440732865   3.656583155204942E-001
   5.477918359817712E-001   2.916511191911463E-001   3.667850207089657E-001
   5.276567774165687E-001
          46   6.951985272175677E-002   3.682074541874697E-001
        5.963279776534287   7.659610549032800E-002   4.710771194657300E-002
  -6.958775320881380E-001
          47   3.038042729458144E-001   2.260426809479069E-001
   6.364509801757636E-001  -8.255903313514698E-002        1.967895256846185
  -2.496455926452161E-001
          48  -3.343088750481086E-006   1.851790454755813E-001
   1.264718933765406E-003   1.325909765412668E-001   2.018992411685653E-001
  -3.408924120880359E-002
          49        2.292300320587368   9.256038202387954E-001
   5.547658895407666E-001   5.925606828723263E-003   6.641500463052146E-001
  -7.214805251251248E-001
          50   1.443358279078099E-001   9.509292262570498E-001
        3.208432963106516   6.770628701879346E-002   5.431532892692997E-001
  -6.887651192082634E-001
          51   1.489878018663632E-002        2.474632974271637
        6.107817479785313   9.280165414955491E-002   6.383960291049899E-001
  -6.915682090047668E-001
          52        2.037629663643884   3.329676346310118E-001
   6.538916293023752E-001   8.678224206871922E-002   1.857109280867629E-001
   5.785025580564732E-001
          53   1.577508231667595E-001   3.780302130206252E-001
   3.730887785424648E-001  -3.845027116638478E-002        1.699787584338620
       -1.481356572053044
          54  -1.256504829647351E-001        2.345171536440396
        1.383844153183863       -1.502319664677435   6.438330242831850E-001
   2.155717850112357E-002
          55        1.873261806561553   5.882558130745460E-001
   3.695612731604156E-001   7.580102517153485E-002   6.680053354817014E-001
   4.283381088282131E-001
          56        2.048296138257137   3.986436675353404E-001
   4.678174207161653E-001   7.336995515450667E-002  -6.383192398153865E-001
   1.749773951370234E-001
          57   2.139765248837275E-001   2.595332082197394E-001
       -1.184060275261480   9.559181520671386E-003   1.891304946824587E-001
   3.242887956557012E-001
          58   9.219970902906387E-002  -1.992877663509747E-001
   9.819441128309079E-001  -1.607810140616908E-001   6.633438888155803E-002
  -6.433590753229936E-001
          59        1.770011272417513   7.172926061423014E-001
   3.576244678744777E-001  -8.265019105744046E-003   4.356382799147854E-001
       -1.046435723087336
          60        1.333182482197969   5.686925440169797E-001
   7.611244800252239E-001   1.875315011086224E-002  -9.032207279175465E-001
  -4.613366503936253E-001
          61  -3.643244189398630E-005  -6.530950020343940E-003
   1.934808949715969E-001       -1.340630107501132   1.685418500879830E-001
  -5.628199362815117E-002
          62        1.598855992308523        1.173277359024633
   4.708701067935525E-001   2.885740025769614E-002   5.980225250076647E-001
   6.223269815998963E-001
          63   1.660599203731583E-001   5.362630741535982E-001
        3.832226799434641  -7.476039185086472E-002   9.717515808124602E-001
  -6.986012688810936E-001
          64   4.905961104648467E-002   3.015672250438305E-001
        1.407026353236461   5.216358187172349E-002  -2.289021680138832E-002
  -8.495079698265809E-001
          65  -3.885444252179038E-002   3.310020641533721E-001
   4.397314132065347E-001   1.051005762047822E-001   1.260185431298659E-001
  -2.893448567735210E-001
          66  -5.603782137848070E-003   9.870981253439245E-001
   4.854740860614617E-001   3.202565717681172E-002  -4.815724152745690E-001
  -8.761984493679409E-001
          67  -3.428059130002120E-002   4.351529950694937E-001
   6.659993336014375E-001   2.100641359912688E-001   2.890664848985039E-001
   5.475930835061581E-001
          68   3.882831668930544E-003   5.692746115506085E-001
   7.737245529660496E-001   8.097906397254158E-002  -2.288519912950850E-001
   5.986748700372376E-001
          69   4.326975234012343E-002        2.179296315262763
        1.241081622462696   1.015901054475874E-002   6.926484027477359E-001
  -6.708892081845974E-001
          70   2.397531947501014E-003        1.517874827172587
   4.250946643987141E-001   6.677729289933652E-002   2.353599479322011E-001
  -1.619004734384369E-001
          71  -1.427413126191978E-002   6.373783353221662E-001
   4.095518824998126E-001   1.242019851929972E-001   3.448053283303756E-001
   4.836051880155231E-002
          72  -1.021088130336272E-002   6.371317887603849E-001
  -4.244570178505308E-001   1.020695974597279E-001   5.721345763517786E-001
   5.888785905145453E-001
          73  -2.213474158616448E-003   7.791865151404802E-001
   6.305217281119300E-001  -9.457316339958643E-003  -6.372460463418045E-001
   7.954519504844304E-001
          74  -9.614832824092307E-003   6.001134743068658E-001
   4.039484711111800E-001   1.227722386869941E-001   4.404326318864965E-001
   7.109442460901090E-002
          75   8.271497285780893E-002   7.440366869335687E-001
        3.148779784999090   2.444760460651713E-001  -4.107372277745004E-001
  -7.248229156622491E-001
          76   2.495606742670698E-002        1.424849152193805
        2.418696618723955   6.884145623534501E-001  -6.106262303963095E-001
  -6.634209853400902E-001
          77   8.301033697283418E-003   2.791462329849857E-001
       11.300728829715120  -1.324195958623073E-001  -5.518587856112324E-001
  -7.002520599470398E-001
          78  -1.644549938776590E-001   4.660075100936376E-001
  -2.611258359382758E-001   1.168950222010811E-001   4.268111377276659E-001
  -1.094982468710855E-001
          79   3.378742040003137E-002   9.341136023718351E-001
        5.046840110268033   4.212774795509360E-003   6.791821146604677E-001
  -6.900889097396655E-001
          80  -1.697719514016568E-002   4.434692837776158E-001
   6.314073915004480E-001   1.668708723350726E-001   9.401235330904587E-002
   5.688789614136756E-001
          81   1.790171555328038E-002   3.863707236421742E-001
        2.056772213376017  -7.785808875489042E-002        1.777673570879035
  -7.640445847191792E-001
          82   1.952026944618517E-002        1.830893717148459
   2.117715064014987E-001  -5.657949703432459E-003   6.332326179142612E-001
   4.973233729643341E-002
          83   2.346812466449175E-002   3.936852915241338E-001
        2.187135184140912   1.607963321100472E-002  -4.428397537358171E-001
  -6.683993588905883E-001
          84  -3.302140700253209E-003   4.734028208341818E-001
   4.661094927862148E-001  -8.454037141694649E-002        1.865667764603996
       -1.450141850650855
          85  -5.537091257828356E-003        1.009045433609390
   6.031282263137755E-001  -2.283588131475603E-002   6.746594530213506E-001
  -8.441600088442979E-001
          86   3.811733251253759E-003   5.098735242915736E-001
   7.651430419502820E-001   7.303363003934404E-002   4.340665924065396E-001
  -5.019784360330213E-001
          87   6.054087882880997E-002   2.203817729532070E-001
   6.105620244525962E-001  -2.278326154977061E-002   6.805709397066704E-001
       -1.154982794410141
          88  -1.415618406966965E-001        1.544793165191865
   7.682068711367301E-001       -1.322908485652642   7.332191802069051E-001
   3.113443021223696E-002
          89  -4.315100199030387E-003   3.753728174775279E-001
   6.616428681952569E-001   1.107753318231189E-001   2.480016028754741E-001
  -4.230024649547143E-001
          90  -4.368076203971726E-002   9.404381732343050E-001
   6.253783072097575E-001   1.514449297267104E-001   4.397425451676181E-001
   1.099303228099477E-001
          91   4.289851052141992E-002   6.698435308898747E-001
   2.419611304989876E-001  -2.217900025292162E-003  -5.383491300368986E-001
  -1.849018517223396E-001
          92  -1.436327080104758E-002   6.663352898347320E-001
   4.071194409516729E-001   1.067064878018082E-001   3.943845927265648E-001
  -5.313133637815824E-002
          93  -2.561819992368166E-002        1.030012455866700
        1.143593565488706   5.055806938265224E-002   7.781483785355252E-001
  -4.142630647833898E-001
          94   5.479551865726489E-002  -8.016933417783331E-001
   7.586248257742615E-001  -6.151285555926050E-002  -8.583379486704652E-001
  -4.114083941697332E-001
          95   6.279585587058147E-002        5.181949434622623
  -4.932842868359217E-001   3.350258086561027E-004   7.060359762091452E-001
   4.941084559062206E-001
          96  -1.708455691527100E-002   3.669843016913231E-001
   5.307176990383798E-001   1.327583276073566E-001   1.833369071493610E-002
  -4.476893378809356E-001
          97   6.837823237760803E-002   3.033749806476092E-001
   2.473099107949899E-001   2.527674608623018E-002   4.456789114286062E-001
  -8.021354301558014E-003
          98   7.080757017151070E-004   3.810725626624567E-001
   9.009777692913537E-001   5.591677515646912E-002  -7.395883419680797E-002
   5.593334407822402E-001
          99  -2.791343455461808E-004  -2.047842748715615E-001
   9.417432876441653E-002   2.044627137350643E-001   1.820183329996497E-001
  -1.969008456896935E-001
         100  -1.819877353177923E-002   3.565435815442936E-001
   5.378359765593748E-001   1.215840044756145E-001   2.081836911616461E-002
   6.294549074594469E-001
         101   9.464902784731702E-003        2.392645148872518
   6.013848001613709E-001   2.503143930508538E-001   3.745969334922389E-001
   1.100629810098742E-001
         102   1.427741519278103E-002        1.067427616179684
   4.273449897222332E-001   5.195680141714297E-003   7.475580327389244E-001
  -2.960357602958754E-001
         103  -8.567836091840010E-003       11.205828443216630
        1.074683246053541  -2.900482157511661E-002   6.977070479283635E-001
  -9.320255033372614E-001
         104  -5.433081211444060E-002   4.397380748266903E-001
   6.371594316276262E-001   2.866678123735523E-001   1.990261771466900E-001
   4.898883690301307E-001
         105  -1.060516068303153E-001   4.647899510459694E-001
   2.655386812489567E-001   1.184789864209359E-001   3.028048502305857E-001
  -4.314474023265522E-001
         106   1.094284942256621E-003        5.192951276255377
        2.637868101660163   1.226946694056028E-001   6.637468957317823E-001
  -5.838788032524288E-001
         107  -4.257343585335072E-003   6.501274966749087E-001
   4.407308728461932E-001   7.689596345283181E-002  -6.019026804516943E-001
   2.203962029275632E-001
         108  -1.595599620440473E-002   7.575331503735925E-001
        1.565160826748569   8.882510802370939E-003   5.679263089160826E-001
  -7.050234627917050E-001
         109   1.102647734751577E-002        4.151640400886756
   3.338190085796671E-001   4.204637657471746E-002   6.884389205799192E-001
  -1.977940946397232E-001
         110   2.787069623991377E-002   5.535755238810858E-001
        1.526773928209500   1.100246714269746E-001   5.617086328469219E-001
   6.593600497316567E-001
         111  -2.369154656219797E-002        3.206280069446491
   7.480406531486565E-001       -3.143679396249553        1.123753299511863
  -5.210540747259501E-001
         112  -1.919532771764783E-001        1.503646498002543
   4.019740873128138E-001   1.238736155103354E-001  -2.645417228044632E-001
  -1.335301294404318E-001
         113   3.264436699492380E-002   6.283439796828727E-001
        7.835763142569823   7.919649020987007E-002   6.363409153391162E-001
  -6.962957181177391E-001
         114   2.896236769464211E-002   2.993953291243172E-001
        1.162110412089950   3.060272533332872E-002   9.329434593609888E-002
  -5.045795322721486E-001
         115   1.958244746370453E-002   8.634656509948380E-001
       -3.092823311379639  -1.368711818385423E-002        1.345607478051696
   6.320673984876184E-001
         116  -3.854959748414628E-002   6.919762655495287E-001
   4.268196720373339E-001   1.416101743905806E-001   5.684403836136929E-001
   3.810342851639733E-001
         117  -7.197660144518453E-002   4.213124265113211E-001
   3.799670747006480E-001   4.980514430376520E-002        1.684184912388020
  -2.012286915105720E-001
         118  -8.541745230177042E-002   6.837759580478480E-001
   3.915601409702285E-001   2.724302823741834E-001  -4.864584515685352E-001
  -1.345971262677123E-001
         119  -4.515850520788543E-002   7.206274304931511E-001
  -3.438400545116001E-001   2.282584432247867E-001   4.480035806997000E-001
   2.050779117205989E-001
         120   8.853025180764151E-003   5.863036730723455E-001
        2.955051513094575  -5.237380404023264E-002   8.691005757808255E-001
  -6.736103856122578E-001
         121   5.259869894856082E-004        1.042777520854666
        8.055441073921640   6.780514057234879E-001  -6.795019690870015E-001
  -6.965315384844123E-001
         122   6.001726564002493E-002        1.481204850373904
   9.208442341082610E-001   1.280790904281368E-001   6.207660543445528E-001
   7.128934847079315E-001
         123   2.042234226009786E-002        1.554341282383745
   4.639897942458543E-001   2.399655452459261E-002   6.289566438171567E-001
  -5.017272043894725E-001
         124  -3.483902013179662E-001   8.466447829484232E-001
   8.307378289496873E-001  -3.996122570969022E-001  -1.324086514244689E-001
   6.319472408952682E-001
         125   1.284960717719442E-002        3.382838388168695
        1.743560514282071  -2.460781073266775E-002   7.121322135570378E-001
  -7.177624646384306E-001
         126   8.315552320581456E-003   3.501319430756062E-001
   7.759059561166675E-001  -1.019187004438676E-001        2.112444185604724
  -2.244289699495081E-001
         127   3.554216761574149E-002        1.178998689313401
   3.063533655104467E-001  -7.590484433081156E-003   7.684425927925603E-001
   4.200477138011808E-001
         128  -1.481048174000779E-002       23.510230369359730
   5.227310537912241E-001   4.619787118254306E-003   6.995127957762380E-001
   6.535775652577459E-002
         129  -7.882909801679497E-004   5.662550394374828E-001
        5.253854891626831  -2.239844427421402E-001   9.910862191909727E-001
  -7.043835623755342E-001
         130  -1.123207001594335E-004   4.559706975122073E-001
        3.962355921806327   8.595251198152033E-002   4.979141359829908E-001
  -6.929645792281620E-001
         131  -6.258488470083459E-005        1.467449745046846
   8.367451619561503E-001   5.647971391038976E-002   6.858854671155125E-001
  -2.919285185470439E-001
         132  -6.222065771898741E-004   8.609043798517702E-001
   6.920519178576937E-001  -1.890083365853163E-001  -7.191035671223871E-001
  -6.564089401383864E-001
         133   2.021563112937669E-004   4.073655546831770E-001
   4.813416650716573E-001  -8.044288314028326E-003   8.645782032111491E-001
  -7.788372434221285E-001
         134   7.768669195550891E-005   6.921914511668841E-001
   6.524939008571623E-001   6.634557719145782E-003   9.066749917166875E-001
  -7.984899816685749E-001
         135  -1.678051467138847E-004        1.363010896354588
        1.039506359145819   1.301310446413175E-002   6.064981015889543E-001
  -7.205585590020533E-001
         136   3.769534971626900E-005   3.396207038689188E-001
   7.760942455713603E-001  -1.163377098063045E-002   1.578360551807314E-001
  -7.424934434462774E-001
         137  -3.362192090111170E-005        1.036255696469970
        1.514003713733269   5.000840946910894E-003  -6.623187731442729E-001
  -4.970137774344493E-001
         138   2.847680491841954E-004        1.442981244829134
   2.523479526461867E-001  -4.937374461172467E-003   6.308766741831237E-001
  -2.111415015730581E-001
         139  -6.290757954231659E-005   9.749614255842710E-001
   4.719016460926970E-002   7.831067206513886E-002   9.772506547724141E-001
  -1.070229183826982E-002
         140  -2.178169590108765E-004   5.381409918247216E-001
   9.882181890150005E-001   1.181054040211282E-001   7.553755532382481E-001
   5.836423050685892E-001
         141   8.721349290570920E-004        2.070851143434663
        1.463711481849398   1.875893294522602E-002   6.647701402562657E-001
  -6.895830265289366E-001
         142   8.438462189200822E-005   6.609170460834152E-001
   3.056536047718755E-001   1.129858435807895E-002  -1.615851718172731E-001
  -8.459888265822015E-001
         143   4.744767975543398E-005   5.923048008996215E-001
   9.159437253966265E-001  -6.198227916983825E-002   9.279122845613111E-001
  -7.096565872216053E-001
         144  -4.483389377882721E-004        2.209296694954595
        1.520651072165026  -8.751969760655113E-001  -5.915794710719561E-001
  -4.367346379961185E-001
         145   7.880382241247091E-004        2.453010166658568
        2.798105880405072  -1.384021960760557E-001   8.085555418714873E-001
  -7.215755201808657E-001
         146  -2.120059468844612E-005   3.443834873334485E-001
        1.042475310240967   7.018019610930805E-003   2.658858130688661E-002
  -6.405644773910670E-001
         147   1.397221999857067E-004   2.432951791979306E-001
   9.399451521640830E-001   3.085282789390968E-003   5.105786515671880E-002
  -5.537169420624056E-001
         148   3.872295960337517E-005   4.104752602067643E-001
   6.335415150343861E-001   2.900720566352156E-002   8.155242699469581E-002
  -6.918712019755597E-001
         149  -5.888880888083938E-005   4.560538489647955E-001
        1.597914564217882   4.917210543187772E-002  -4.042331843636471E-001
  -5.393007258099923E-001
         150  -7.209139979998289E-005       -1.527686137354605
   3.794804632964339E-001   2.472833237762843E-002  -6.854327789823622E-001
       -1.758681058417490
         151  -1.231110731851621E-006   5.679668220824193E-001
   3.976238351555583E-001   3.654233823894008E-002   1.758959156587212E-001
  -1.758877200257516E-001
         152   1.507062220390484E-004   4.603884005006100E-001
   7.294086390434642E-001  -1.911960728702960E-002   8.701043997472298E-001
  -8.858656992007479E-001
         153  -6.961437679651031E-005   3.477902452103186E-001
        1.169218121153604   2.056821465057733E-002   7.968216884133986E-002
  -1.326243618777829E-001
         154   4.608113759925530E-005        1.896983587509647
       -1.900010950780592       -1.336277748192411   4.108514449584950E-001
   5.956669323336884E-001
         155   2.803196781870068E-004        1.171619865171045
        1.880000222906405  -2.436236664488471E-001   4.744843024445337E-001
   6.619441736153693E-001
         156  -1.440805350978135E-005   2.585882503918183E-001
   5.695379414527508E-001   2.999342385468739E-003   1.814667345348299E-002
  -5.513058573210259E-001
         157   7.034230969800430E-005   7.866524998169888E-001
   5.465816135799616E-001   3.795717999817645E-002  -5.946048068567180E-002
  -7.931716365212240E-001
         158  -1.087235580199670E-004   3.997246810950200E-001
        1.748190411103461  -8.327484460333347E-003        1.093169478443378
  -6.109052289926856E-001
         159  -1.922368266436352E-004  -3.748882227320851E-001
   5.757816607045184E-001  -2.311349480113418E-002       -1.019449484796745
  -7.453609906953160E-001
         160   6.092437989492368E-004   3.890860541258898E-001
       -1.963955345601316  -1.794680130102058E-001        1.054267670414878
   4.131173710589037E-001
         161  -1.003546692641256E-004  -3.900812469754832E-001
   5.320063332066507E-001  -5.093698773116286E-003   9.468703387634937E-003
  -4.209446089516739E-001
         162   3.419926126926639E-004        2.222329850320466
   4.739700188747625E-001   1.076075784664231E-003   7.109512259079620E-001
  -2.250468210309108E-001
         163  -1.208929142210028E-004   5.610100722458767E-001
   8.337414213760453E-001   1.651032455629138E-001  -2.790057395307773E-001
  -6.792848287919265E-001
         164  -6.294266812095322E-004  -7.879023993390337E-001
   8.044753855219855E-001   4.640512926685573E-001  -7.632277303592033E-002
  -6.065597029692655E-001
         165   6.082993726950113E-003        4.797124149077271
       -1.189056979978426       -4.634651906620971   6.685971548178185E-001
   2.790951622661352E-001
         166   9.309917946869544E-005   6.793646594381643E-001
        1.524615536769953   1.760933051868302E-001   4.482227571573690E-001
  -2.642116949667214E-001
         167   2.518795130751887E-005   7.843690463181040E-001
        1.045636008783009  -3.815290742311003E-002   7.698816375343598E-001
  -6.767484227936421E-001
         168  -1.814659700674854E-004       -1.948268890979521
   7.770749000446701E-001        1.706158992581165  -1.072067904176482E-001
  -7.150891594561467E-001
         169  -2.794295910671193E-005        2.099273229945676
        5.663185287749906  -2.066379365074124E-002   7.021187037910972E-001
  -7.038463855020684E-001
         170   6.346997816608822E-005   6.789650504887470E-001
   7.671173507431986E-001  -2.734390650045748E-002   7.594566389274898E-001
  -8.473453780200969E-001
         171   4.351887635197931E-004       -2.250303072592912
   7.573928008616624E-001  -2.469218498980968E-002  -6.623532318227018E-001
  -6.195125014393073E-001
         172  -3.784803595779536E-004        1.829541801323418
   8.346303011442083E-001       -1.745811573937037  -5.934403356223549E-001
  -3.012064848227418E-001
         173  -2.852781462814397E-005   4.876150542969849E-001
   5.940342400564473E-001   2.561363634902644E-001   5.559468646240844E-002
  -1.125082472364566E-001
         174   8.424757033395145E-005   3.861456126622863E-001
   5.090741859032402E-001   5.915675062975445E-003   5.247765023261318E-001
  -6.991096439648512E-001
         175   1.666612839387616E-005        1.084924414682456
   3.688717731034926E-001  -1.283111457973466E-003   7.207518170440783E-001
  -8.285841791539822E-001
         176   7.365306573128719E-005   6.669646894674058E-001
   4.057275259248097E-001   1.577953567996918E-002  -6.668655610608149E-003
  -6.845364472219584E-001
         177  -1.422819440692385E-003   5.661982139681192E-001
  -9.064754101719018E-001   4.871785773731694E-001   4.264167534029121E-001
   4.680399310678893E-001
         178   6.938608548380141E-005   4.576866492534290E-001
   6.469323391397752E-001   4.213952457255352E-002   4.858917882759148E-001
  -3.170321501656152E-001
         179   1.143892781156552E-003   4.543195349320583E-001
        4.001931542281325  -3.024351499630642E-003  -9.958350724360408E-001
  -6.844092959756875E-001
         180   1.270341930496844E-050   5.806834743255197E-001
  -5.911016403490364E-002   5.420519321839618E-001   8.185549370251967E-001
  -2.391286869530950E-001
         181  -4.268980061606331E-005   4.810816031522028E-001
   4.725529601994261E-001   2.718859120697678E-002   4.569597046910859E-002
  -6.697978359265178E-001
         182   4.591237013513668E-005        1.042628688120917
   6.688592761870102E-001   6.906614049376898E-002   6.851913943054021E-001
  -4.670990052195220E-002
         183   8.182224128548757E-005   7.950628776642316E-001
  -6.191951001805003E-001   1.075116919164618E-001        1.011015281453154
  -2.078934166764774E-001
         184  -1.027480018804915E-003   7.633884363224838E-001
        8.370655521279693   7.560511936108544E-002  -5.770849947428004E-001
  -6.990044190850410E-001
         185   2.051129236518555E-003   3.212404797403315E-001
        7.437192038068535   1.653000303545536E-002   5.832737541142308E-002
  -6.982026161367887E-001
         186   4.297433883738962E-005   3.492338779712304E-001
   8.423270252336225E-001   8.824731780477517E-003   3.359720055231467E-001
  -4.293127469321583E-001
         187  -7.344881480313143E-005        1.228977863618264
   5.032083708956014E-001   4.690373397179745E-002   5.512234846516819E-001
   9.327177889625525E-003
         188  -6.089085980648309E-005   4.654397273847208E-001
   4.884141854177616E-001   8.475287029619409E-003   8.013756836033215E-001
  -3.298820860207970E-002
         189   5.722154545433896E-004       -1.191133627153390
        1.578222289335938  -2.426999149724957E-001   7.662399318359868E-002
  -6.234625711697877E-001
         190   3.179582869692333E-006   4.475737442540220E-001
        1.528015570241049   1.266114114810941E-001   7.544889843022751E-001
   7.185068400723300E-001
         191   5.946952897002293E-004   7.292474512256552E-001
        2.269857453037164  -6.118546410885081E-002   8.100841195767359E-001
  -7.183640585526588E-001
         192   2.610431337883060E-003        7.964115878311185
   7.887433344265076E-001   1.823637070881487E-002   6.962977750742840E-001
  -5.197316968430705E-001
         193   4.016543794356142E-005   5.179378944248254E-001
   8.792665849279799E-001   1.346081073567505E-001   2.787505579247387E-001
  -4.397652765848825E-001
         194  -7.049618530500804E-005   5.093358047345631E-001
   4.019219118341034E-001   3.813983246952975E-002   1.279848536258025E-001
  -7.941578554506061E-002
         195   1.971293296390495E-005   2.870038381566663E-001
   7.178782877769663E-001   3.996704210288446E-003   2.893080639939685E-001
  -7.149015611233321E-001
         196  -4.846644797386767E-005   3.626472352635592E-001
        1.335752001060822   7.062296545002786E-003   2.675070130897732E-001
  -6.792082494156844E-001
         197   2.650928321607294E-004   9.290722215994250E-001
        3.476622922111064  -2.161157574555501E-001  -3.913726454347234E-001
  -6.973855146616367E-001
         198   9.337068510953450E-003   4.601586044803746E-001
       18.286054135368400   2.072382860813990E-001  -1.186467139474260E-001
  -6.997213392722251E-001
         199   2.949165921960855E-004   2.849660800795513E-001
        2.751233424371689   1.416073004744499E-002  -5.127342588563118E-002
  -6.851222031075930E-001
         200   9.064473178354385E-005   4.877169638744354E-001
   8.016191344558452E-001   3.537514565377185E-002   7.490941465780446E-001
  -5.453115137555833E-002
         201  -8.483602438141757E-005   5.152359102693572E-001
        1.362378181155427   9.483919223273415E-002   2.937519950170470E-001
  -6.248305112003566E-001
         202   6.812320026484606E-005   6.223468474340448E-001
   6.897662854871154E-001   2.444542203643928E-002   8.184644990508631E-001
  -9.050482246531366E-001
         203   1.081437210374033E-075   6.756184168393283E-001
   4.755087606430479E-002   6.641810723892486E-001   7.483702239292989E-001
  -1.090302376813875E-001
         204   6.533202273626712E-005        1.942485277905963
   3.936425397435732E-001  -2.417436681429736E-003   7.504809078268515E-001
  -1.907699828864959E-001
         205   1.619756023368051E-004   8.459200699294599E-001
   7.791212816841164E-001   6.335732079427675E-002  -4.399615666054942E-002
  -8.209541941836759E-001
         206   1.715986119749132E-003       -2.217497450625066
   8.411206540851947E-001  -7.118346176194755E-002  -1.089535810963302E-001
  -5.372388417617584E-001
         207   9.152286430053809E-005        1.935545641692948
   7.758044237210232E-001       -1.728894936037230  -3.073367003185301E-002
  -4.615323805286067E-001
         208   4.674045137231792E-004        2.111827226300725
   7.168187928798863E-001   3.452472095167822E-002   6.549500120322206E-001
  -5.171992246560223E-001
         209   7.989673836288880E-005   3.620841078215114E-001
   7.832350771561890E-001   1.648612561660800E-002   5.066615029295775E-001
  -2.228519426930315E-001
         210  -1.557494796378683E-003   6.000010243171527E-001
  -4.949489499620394E-001  -2.718729501058613E-001   9.483039421513095E-001
  -5.199282859708895E-002
         211  -2.627261871238699E-004   1.839128034548775E-001
   4.994215664060549E-001  -3.873317085753055E-002   5.830510237518236E-003
  -3.285672393029295E-001
         212  -3.891646029260567E-005   2.470985199995237E-001
   9.055195183867065E-001   2.286193628332624E-002   7.581991613442644E-003
  -8.590651728795252E-001
         213   1.125939366771680E-004        1.154502671533775
        1.842699152814030  -1.128219996743981E-002   2.504833885709096E-001
   7.317558708235428E-001
         214  -9.772208023997231E-004  -3.509092904795953E-001
        1.251606178887052        1.750714034567813   2.166128151556590E-001
  -2.678949969695483E-001
         215  -9.137325877818930E-004       -2.812452459985227
       -3.004008485361749       -1.837821529738747  -3.987959487056992E-001
   2.708478613545437E-001
         216  -1.046262173378143E-003  -4.572382080397065E-001
   5.592784338188236E-001   2.260766040024861E-001   3.738388412667387E-002
  -8.051180246889875E-002
         217   5.489425842389590E-005   3.187296385362167E-001
   3.726852401940772E-001   2.641330795864831E-002   3.536273936528537E-002
  -5.596592452906334E-001
         218   1.336028437121950E-005   5.892441423770236E-001
        1.186951878024959  -4.263270588972330E-002   8.299318820479111E-001
  -7.108362201411772E-001
         219  -2.731168429226742E-004        1.100652664770392
   6.181677649289712E-001   1.267299714031742E-001  -4.900070274527342E-001
  -7.137031613778545E-001
         220  -2.499060676772224E-005   3.273735477824283E-001
        1.018260901842768  -1.155003529795278E-002   9.313764624913618E-002
  -6.326854744782882E-001
         221  -2.921509735162444E-004        1.432746608308096
   8.125183811134791E-001  -1.549622984113189E-002   7.368481723644558E-001
  -7.773265338847037E-001
         222  -4.518737133209527E-005   4.884961488521670E-001
   5.433446762427946E-001   4.168924647029467E-002  -1.506538980232586E-001
  -8.233705538556903E-001
         223   2.272131317540632E-005   5.645842182791332E-001
   6.837899290592708E-001   8.372935740935655E-002   2.538951290850893E-001
  -6.024575390227347E-001
         224   2.094986825449844E-004        1.578469306785196
   8.434983994920056E-001  -8.707290422689582E-001   8.907988686907242E-001
       -1.044064835857908
         225   9.991907787212433E-005   3.980234855716905E-001
   6.862902490542422E-001   2.581764794170902E-002   6.115294242601060E-001
  -2.389095792533553E-001
         226   7.240915564191676E-004        2.799806128223624
   5.437501374727995E-001   1.582145565392703E-003   6.506502576597969E-001
  -3.143964622671014E-001
         227  -5.343257188635978E-004        3.572519213484094
        1.027845501546521   4.758758322679869E-003   6.943831752358917E-001
  -6.024038680469975E-001
         228   1.189907848285509E-004   3.874915720453827E-001
   6.252428662404308E-001  -9.037759829856315E-003   5.427950604476354E-001
  -8.090394450521974E-001
         229  -7.930686219142807E-004   8.993499569011408E-001
        1.558203520382997  -1.192890415060462E-001   5.547402344726340E-001
   6.328154582558522E-002
         230   8.214305187451243E-005   2.649245243425689E-001
   5.242483616050710E-001   1.311723355184965E-002   7.488030725610642E-001
  -1.899008869284655E-001
         231  -2.158172727691434E-003  -9.164142970552689E-001
        3.140561012791751   5.451039133222279E-001   2.502569715493382E-001
  -6.981730844010350E-001
         232   2.922112786327039E-003        1.262482113016827
       16.642720104980580   3.909797888673641E-001   2.777480362416720E-001
  -6.986364036206497E-001
         233  -1.668528583846496E-003        1.323392023697271
       -1.133351821554073  -8.129726055855867E-001   6.870040265269070E-001
   1.531151519217519E-001
         234  -7.984052832014009E-006        1.190456520287466
   4.793620836782233E-001  -2.480649681731446E-002   7.299790603387037E-001
       -1.030691492630022
         235   1.296512327143795E-004   8.537808260049696E-001
   8.619424755758467E-001   1.778312074447443E-002   6.352360264373063E-001
  -6.593316717927451E-001
         236   4.657870956274836E-005   1.650535961967553E-001
   7.739017806357368E-001   4.108919480879173E-002   2.499686105299638E-002
  -7.179492600519308E-001
         237  -1.384573441120212E-005   5.740580050692131E-001
   7.405117912514014E-001   9.462189862693592E-002  -1.239904041601141E-002
  -7.777648293969988E-001
         238   5.989566797390202E-005   6.657711626448560E-001
   9.974526026884258E-001   9.410014330989658E-002   3.142479755963246E-002
  -7.280918624882626E-001
         239   1.788362668858476E-003        4.614444431350589
        1.983805926141181   6.695245122372673E-001   6.895715029963484E-001
   7.144540379106912E-001
         240   6.564458373350244E-005   3.035131482633678E-001
   4.112250430125322E-001   1.629178010664913E-002   3.635543735803168E-001
  -5.081946923670432E-001
         241   4.329363091273953E-005   7.906795219754520E-001
   4.180498204512842E-001   2.286871264917751E-002   6.701541589263989E-001
   2.742657088810479E-002
         242  -1.330693893029922E-005   5.826740252760643E-001
   7.566009163456626E-001   1.129521718595639E-001  -5.001429889055763E-003
  -8.053539646644085E-001
         243   2.155744470965133E-005   4.764207502577097E-001
   8.258427990073658E-001   7.123352393834402E-002   5.595087197759134E-002
  -6.093726805278281E-001
         244  -1.288688957068256E-004   5.739207651674227E-001
  -8.459772380495880E-001   1.790875096148474E-001   2.427852373171549E-001
   7.216924980847937E-001
         245  -4.974413564411271E-005   4.744680780970434E-001
   5.290160482263562E-001   7.921350495850532E-002   3.817938593820470E-001
   2.091512727245240E-001
         246  -1.882085909334454E-004   3.290529844108888E-001
  -9.713820763377714E-001   3.558824305508615E-002        1.103186008851517
   5.707988169271553E-001
         247  -5.370746157562360E-005   6.384249957312869E-001
   9.812236647532971E-001   1.650152815901050E-001  -8.858086217277973E-002
  -7.015548680419101E-001
         248  -2.015186123563671E-005        1.023806694070883
   6.472506885731224E-001   1.131107665001351E-001  -3.093317886060654E-001
  -7.312409377733120E-001
         249   1.701365490599815E-003        1.283640147854210
        1.997850248133377  -2.023001984483299E-001   5.697173118151593E-001
   6.728685457222479E-001
         250   1.197357330903151E-005        1.175541108307211
   5.246869178021117E-001  -4.378675696092888E-003   6.835331693508998E-001
  -7.700090597724666E-001
         251  -5.300597805946525E-005   4.615266898005299E-001
   7.532406260678641E-001   6.347238229432696E-002   6.747748991915280E-001
   4.674815680554763E-001
         252   3.276522360753296E-004   9.897865517257952E-001
   5.866067402200091E-001   1.156295650265469E-001   4.299270912877651E-002
  -4.731394915129986E-001
         253  -9.412845820787105E-005   9.199204781051633E-001
        1.283691582612282   1.187174718282347E-001  -6.225415079827412E-001
  -6.950266004232911E-001
         254   5.570945638312714E-004   9.361014872940590E-001
   9.969215377902277E-001   1.457279266732706E-001   3.288810038775129E-001
  -4.253216818057887E-001
         255   9.200932190548121E-005   7.003058530606365E-001
   5.796694311545040E-001   8.751735484469943E-002   2.266178832525111E-001
  -4.105076318885929E-001
         256  -2.822538729026167E-004        3.836378569212164
   5.194176498637412E-001   4.257651535411349E-002  -7.504451470501969E-001
  -6.609355596454054E-001
 :END:
 
