      LinCoeff:.   AA1:        AA2:        B12:        RZ1:       RZ2:
 FNC: ======================================================================
  1   .1367D+01   .2920D+00   .3394D+00   .4186D-02  -.9140D+00   .6056D+00
  2   .5316D+00   .3385D+00   .4700D+01  -.5632D-01   .4756D+00   .6808D+00
  3  -.1314D+01   .1868D+01   .8191D+00  -.1530D+00   .6035D+00  -.7468D+00
  4   .2103D-01  -.1493D+00   .1863D+02   .3108D+00   .7109D+00  -.6600D+00
  5   .1210D+00   .8005D+01   .2770D+01   .9328D-01   .7089D+00  -.7356D+00
  6   .2789D+00   .1235D+00   .3210D+01   .4702D-02   .1157D+01   .6459D+00
  7   .7920D-01   .6886D+00   .3930D+02  -.1463D-01   .6512D+00  -.6977D+00
  8   .1599D+01   .7805D-01   .8943D+00   .7488D-02  -.1600D+00  -.6200D+00
  9   .1292D+01   .1052D+01   .3249D+00  -.3849D-01   .5835D+00  -.2011D+00
 10   .1906D-01   .6224D+01   .1434D+02  -.2597D+01   .6678D+00   .6887D+00
 11   .1060D+01   .9332D+00   .9639D+00  -.5178D-01   .4670D+00  -.8302D+00
 12   .4845D-01   .4735D+00   .6074D+01  -.2064D+00  -.2651D+00  -.3484D+00
 13   .1460D+01   .2045D+00   .9300D-01  -.1004D-01   .4674D+00   .2870D+00
 14   .1961D+00   .1679D+01   .8966D+00  -.2815D+00  -.1246D+00  -.3543D+00
 15   .6415D+00   .1333D+01   .2852D+01  -.7909D-01   .6582D+00  -.6424D+00
 16   .1087D+00   .8857D-01   .1331D+02  -.1649D-01   .7250D-01   .6911D+00
 17   .1995D+00   .4350D+01   .1651D+01  -.3720D+00  -.6619D+00  -.6965D+00
 18   .8935D+00   .1907D+00   .9888D+00  -.2377D-01   .3589D+00  -.2003D+00
 19   .1513D+01   .5520D+00   .3988D+00  -.2298D-01   .6557D+00  -.3087D+00
 20  -.7940D+00   .6900D+00   .3447D+00   .8940D+00  -.5946D+00  -.4663D-01
 21   .2829D+00   .7441D-01   .2964D+01  -.1013D-01   .4062D-01  -.6495D+00
 22   .5666D+00   .1389D+00   .6153D+01   .8575D-02   .3429D+00  -.6918D+00
 23  -.6702D+01   .2633D+00   .5674D+00  -.1113D+00   .3717D+00   .5121D+00
 24  -.2550D-01  -.8709D+00   .1766D+01   .2406D+02   .8588D+00   .6534D+00
 25   .8434D+00   .7635D+00   .1810D+01  -.1214D+00   .6457D+00   .6403D+00
 26  -.3108D-05   .1132D+02   .3243D+01  -.2444D+01   .7919D+00  -.1813D+01
 27   .6253D+00   .2219D+01   .1660D+00  -.4513D-02   .3917D+00  -.4236D+00
 28   .3722D+00   .4225D+00   .5237D+01   .4565D-02   .7442D+00  -.6862D+00
 29   .1739D+01   .2260D+00   .4688D+00  -.7066D-01  -.2415D+00  -.3197D+00
 30   .2949D-01   .2222D+00   .1311D+03  -.8841D-01  -.1215D+00  -.6985D+00
 31   .2088D-01   .9602D+02   .3132D+00   .2110D+00   .7005D+00   .4459D+00
 32   .1432D+01   .5678D+00   .2598D+00  -.1096D+00   .5357D+00   .3554D+00
 33   .1037D+01   .2668D+01   .4959D+00  -.5015D-01   .6730D+00  -.5468D+00
 34   .1403D-01   .1772D+03   .1161D+01  -.8117D-01   .7006D+00  -.5942D+00
 35   .1828D+01   .2081D+00   .4889D+00  -.4275D-01  -.3541D+00  -.6126D+00
 36   .1214D+01   .1435D+00   .1949D+01   .9995D-02   .7112D+00  -.7484D+00
 37   .8189D-01   .3055D+01   .1701D+01  -.7444D-01  -.8761D+00   .8305D-01
 38   .1811D+01   .4741D+00   .2508D+00  -.4030D-01  -.4080D+00  -.2017D+00
 39   .8521D+00   .6463D+00   .6409D+00  -.7845D-01  -.2804D+00  -.5183D+00
 40   .8758D-02   .1460D+00   .7122D+03   .1262D+00   .8799D+00  -.7006D+00
 41   .1958D+01   .6768D+00   .1661D+01  -.7928D-01   .7338D+00  -.6097D+00
 42  -.1413D+01   .3310D+00   .1859D+00   .2506D+00  -.2370D+00  -.5723D+00
 43   .2055D+00   .5010D+00   .1394D+02  -.1085D+00  -.5432D+00  -.6933D+00
 44   .1790D-01   .2239D+01   .3644D+02  -.8736D+00  -.7313D+00  -.6978D+00
 45   .1699D+01   .2992D+00   .6460D+00  -.1465D+00   .3957D+00   .4831D+00
 46   .1095D+00   .1730D+00   .3610D+02  -.1575D-01   .2543D-01  -.6993D+00
 47   .2695D+00   .3246D-01   .3412D+00   .1203D-01   .1979D+01  -.2438D+00
 48   .3317D-05   .5884D-01   .4214D-01  -.2455D-01   .2019D+00  -.3409D-01
 49   .2289D+01   .8575D+00   .3001D+00  -.4956D-02   .6784D+00  -.7213D+00
 50   .1900D+00   .1012D+01   .1046D+02  -.4921D-01   .5393D+00  -.6974D+00
 51   .1846D-01   .6534D+01   .3737D+02  -.2377D+00   .6362D+00  -.6910D+00
 52   .2046D+01   .1241D+00   .4373D+00  -.2075D-01   .1991D+00   .5522D+00
 53   .1457D+00   .1487D+00   .1154D+00   .1668D-01   .1701D+01  -.1474D+01
 54  -.1682D+00   .1529D+01   .4361D+00   .3988D+01   .6605D+00  -.8033D-02
 55   .1876D+01   .5181D+00   .2287D+00  -.7151D-01   .6831D+00   .4287D+00
 56   .2057D+01   .2058D+00   .2564D+00  -.2495D-01  -.6740D+00   .1619D+00
 57   .1619D+00   .5906D-01   .1342D+01  -.3746D-02   .2015D+00   .3629D+00
 58   .4938D-01   .7474D-01   .1057D+01  -.3105D-01   .5730D-01  -.6599D+00
 59   .1776D+01   .5386D+00   .1245D+00   .1837D-02   .4552D+00  -.1060D+01
 60   .1314D+01   .3745D+00   .6202D+00  -.1576D-01  -.8728D+00  -.3796D+00
 61   .7930D-05   .8798D-02   .1843D+01  -.8756D-02   .1685D+00  -.5628D-01
 62   .1624D+01   .1394D+01   .2502D+00  -.3262D-01   .6035D+00   .6674D+00
 63   .1768D+00   .2554D+00   .1460D+02   .3058D-01   .1014D+01  -.6929D+00
 64   .3753D-01   .9695D-01   .2005D+01  -.1947D-01  -.1889D-01  -.8518D+00
 ---------------------------------------------------------------------------
 ENERGY=      -1.174441521872981   --->   ||g||^2 =   1.776210021043081E-010
 
 :BEGIN:
          64
           1        1.367186440632446   5.442549267921258E-001
   5.861011113254098E-001  -7.690692893735690E-003  -9.140242885347200E-001
   6.055749518553297E-001
           2   5.315762514256317E-001   5.311921599419611E-001
       -2.152269479704355   1.060191174593375E-001   4.755694417071505E-001
   6.808000796811706E-001
           3       -1.313687564353131        1.309483271188501
   8.077838510944019E-001   1.168272752967933E-001   6.035147192039986E-001
  -7.468331397300085E-001
           4   2.102668793291375E-002   4.018842907324782E-001
       -4.283270626988562  -7.733034527333360E-001   7.109170721845357E-001
  -6.599676059494740E-001
           5   1.209870254170396E-001        2.845748953807098
        1.691895880554000  -3.277863647046089E-002   7.089142251088721E-001
  -7.355550113820204E-001
           6   2.789035505080742E-001   3.580478651957351E-001
        1.792889086851317  -1.313309843941264E-002        1.156794087345447
   6.459366889804470E-001
           7   7.920169916127712E-002   8.209621859827970E-001
        6.267893160885245   1.782025268161722E-002   6.512102565392708E-001
  -6.977065894475357E-001
           8        1.599144509788059   2.924724948735117E-001
   9.492810353253487E-001  -2.560381411128221E-002  -1.600120389549679E-001
  -6.200188350371673E-001
           9        1.291734663165011        1.006740859178370
   5.337747976946007E-001   3.823487336076262E-002   5.835488608868983E-001
  -2.010729566966454E-001
          10   1.906257558940013E-002        1.904572439175371
        3.143883469381788        1.363535501574508   6.677795021928563E-001
   6.886947668545630E-001
          11        1.060055201201631   9.388487470072752E-001
   9.534469924008018E-001   5.515585212529835E-002   4.669944300130762E-001
  -8.301834461732461E-001
          12   4.845396012638780E-002   5.168171532910292E-001
        2.389073003709630   3.993569869355699E-001  -2.651277140337257E-001
  -3.483809528277350E-001
          13        1.459924593771794   4.409904493395729E-001
   2.871190369885580E-001   2.277506455181553E-002   4.673899511669089E-001
   2.870478952044981E-001
          14   1.960886362190106E-001       -1.182314949902059
  -7.472975674807760E-001  -2.380511358441023E-001  -1.245886363364536E-001
  -3.543421339374032E-001
          15   6.415173496122916E-001        1.119676181481967
        1.663680537187856   7.063871758927606E-002   6.582133459759976E-001
  -6.423506693451300E-001
          16   1.087340132097765E-001   2.684788748344255E-001
        3.645768168520543   6.141858042083913E-002   7.250415158494176E-002
   6.911419959735755E-001
          17   1.994909901155606E-001        1.994395358222290
        1.115452879038441   1.865022615694638E-001  -6.618774278125834E-001
  -6.965478315786070E-001
          18   8.935191289994939E-001   4.085957753201527E-001
   9.806472066896502E-001   5.816274196804247E-002   3.588957569636861E-001
  -2.002783100146619E-001
          19        1.513334228795401   7.273141906267208E-001
   6.122703455059364E-001   3.158931518061312E-002   6.556629865032334E-001
  -3.086710869160023E-001
          20  -7.939659931223471E-001       -1.258555271032064
   8.567932518966777E-001   7.103092062939782E-001  -5.945737582815424E-001
  -4.662658810894473E-002
          21   2.828890234119156E-001   2.535354116465511E-001
        1.718190079598196   3.994689327092969E-002   4.061887238138762E-002
  -6.495113339155880E-001
          22   5.666402545074056E-001   3.840608836275835E-001
        2.482240315412418  -2.232844894716743E-002   3.429336742197072E-001
  -6.918434178311402E-001
          23       -6.702309314158334   3.899209814027789E-001
   6.121527991514018E-001   2.853376754671668E-001   3.716946014645469E-001
   5.120929177622967E-001
          24  -2.550143512810624E-002        4.815134969485810
   9.285757481199364E-001       -4.996003299005580   8.588389508588905E-001
   6.533880780186470E-001
          25   8.434447296765353E-001   8.012961351859095E-001
        1.290706489250036   1.514935125907090E-001   6.456950487163385E-001
   6.403230114810350E-001
          26  -3.107787551014119E-006        2.979317254760296
  -3.542734335958703E-001   8.204750261164338E-001   7.918849142362862E-001
       -1.812986386730492
          27   6.253000530754219E-001        1.488244342068141
   4.018632853017737E-001   3.032469312503269E-003   3.917418382900777E-001
  -4.235989867074711E-001
          28   3.722327456553209E-001   6.534666972651329E-001
        2.289523276593158  -6.986342983327901E-003   7.442305424621677E-001
  -6.862234393049118E-001
          29        1.738700132609854   3.941477820895578E-001
   6.050263540102487E-001   1.792613859493988E-001  -2.415497607856524E-001
  -3.197163045047919E-001
          30   2.949161898583944E-002   3.658004502042507E-001
       11.443643637170710   2.417027607427067E-001  -1.214523195784743E-001
  -6.985454406188489E-001
          31   2.087571245039357E-002        9.809515112651662
   7.236579190601826E-001  -2.150865869081121E-002   7.004826459298366E-001
   4.459038216299520E-001
          32        1.431539707892422   6.769562744138006E-001
   3.522314928252034E-001   1.618696675360453E-001   5.356524937967476E-001
   3.553779854552696E-001
          33        1.036612295793641        1.618124127706581
   6.669303500025476E-001   3.099465752825064E-002   6.730237180635292E-001
  -5.468016574187286E-001
          34   1.402524371237374E-002       13.306969029864710
        1.039189168997392   6.100133872126603E-003   7.006480729970972E-001
  -5.942182544419927E-001
          35        1.827949148652336   4.066146600409863E-001
   6.595860132893159E-001   1.051462325777383E-001  -3.540704949772583E-001
  -6.125953512456697E-001
          36        1.214259139987500   3.918383856272112E-001
        1.399256728239080  -2.550724383087344E-002   7.112347191638124E-001
  -7.484308687314542E-001
          37   8.189280803965494E-002        1.726523270421770
        1.274531042353227   4.311641441578175E-002  -8.761126136890362E-001
   8.304931883678932E-002
          38        1.810768252296579   6.586558811978294E-001
   4.547144281762795E-001   6.118552577921020E-002  -4.079978828713501E-001
  -2.016600622593101E-001
          39   8.521453704866224E-001   7.535414219880658E-001
   7.427316508273857E-001   1.041039702380436E-001  -2.804128365335062E-001
  -5.182562378576490E-001
          40   8.757785553965829E-003   5.217033979341522E-001
       26.687439197963940  -2.419328750080346E-001   8.798958489396919E-001
  -7.005859021632975E-001
          41        1.958414379162830   7.730255956144613E-001
        1.253591836371699   1.025567868693005E-001   7.338481692599206E-001
  -6.097276954518276E-001
          42       -1.412920960908119   7.626069068741401E-001
   5.731623770863791E-001  -3.285952488043725E-001  -2.369938122888649E-001
  -5.723108619661336E-001
          43   2.055093983052762E-001   6.264731901044024E-001
        3.715457058331233   1.732526659104042E-001  -5.432219638979967E-001
  -6.933322524427433E-001
          44   1.789909003600756E-002        1.168378733784880
        5.916468847068790   7.477294854311853E-001  -7.313337825325412E-001
  -6.977668619273597E-001
          45        1.698616522145504   3.907675892701198E-001
   5.991261215324130E-001   3.748933264245348E-001   3.957448100876534E-001
   4.830698942293729E-001
          46   1.095443699682335E-001   3.965180066881738E-001
        6.007244072682958   3.972064337908594E-002   2.542773353529184E-002
  -6.993462491782980E-001
          47   2.695301380733400E-001   2.109295104202371E-001
   5.915695149282786E-001  -5.702354282658990E-002        1.978887211403495
  -2.437933110440415E-001
          48   3.317047891431018E-006   1.851790480455457E-001
   1.264713996650418E-003   1.325909784290144E-001   2.018992411817884E-001
  -3.408924122210411E-002
          49        2.289154115814885   9.233377692041591E-001
   5.432723542810890E-001   5.366996004953169E-003   6.784063578179657E-001
  -7.212792611010974E-001
          50   1.900076053810085E-001   9.812606575709868E-001
        3.226255327061436   5.014654381466208E-002   5.393076910234773E-001
  -6.974490292922665E-001
          51   1.845831161007041E-002        2.509278969744488
        6.092650391453607   9.472208858818045E-002   6.362015417498921E-001
  -6.910362401553393E-001
          52        2.046217663471496   3.215172927403692E-001
   6.421731790073110E-001   6.454101060025452E-002   1.990508078113639E-001
   5.521579191902637E-001
          53   1.457417867247777E-001   4.067037394146357E-001
   3.611027172846977E-001  -4.101296454862441E-002        1.701248996680155
       -1.473951935846089
          54  -1.682378482337933E-001        2.348749031142884
        1.241425750174035       -1.697977059497184   6.605277164731321E-001
  -8.033271262949468E-003
          55        1.876239189671399   6.682903220871631E-001
   3.817051490911829E-001   1.070047972430876E-001   6.830776963080635E-001
   4.286664049058907E-001
          56        2.057090902808287   4.252936583944659E-001
   4.775278269476578E-001   5.867446495678415E-002  -6.739859518820027E-001
   1.619156685678798E-001
          57   1.618704451202493E-001   2.351966434723523E-001
       -1.156780323872318   1.592899818572830E-002   2.015456373571960E-001
   3.629232193198870E-001
          58   4.937854509742164E-002  -2.090193946067937E-001
        1.001717113243466  -1.485430292404746E-001   5.729619754604667E-002
  -6.599264037826463E-001
          59        1.775803066165527   7.351178841779653E-001
   3.553937326877994E-001  -2.498303269917090E-003   4.552019088455791E-001
       -1.060315618257470
          60        1.314213795543317   5.989525857097139E-001
   7.770060273567309E-001   2.631476197848301E-002  -8.728015683883681E-001
  -3.795630729511330E-001
          61   7.929621761323640E-006  -6.530945764291590E-003
   1.934807670180281E-001       -1.340630523966959   1.685419283386814E-001
  -5.628207351117415E-002
          62        1.624424918800582        1.166944613732501
   4.656009171594457E-001   2.795030910025613E-002   6.035067080435107E-001
   6.673856765241014E-001
          63   1.767592314407766E-001   5.347555031960326E-001
        3.824744603943975  -5.719127229704121E-002        1.014366234948254
  -6.928557909558667E-001
          64   3.753187919527392E-002   2.783409286415339E-001
        1.407511171353025   6.996128856993222E-002  -1.889032503143396E-002
  -8.518029534204527E-001
 :END:
 
