      LinCoeff:.   AA1:        AA2:        B12:        RZ1:       RZ2:
 FNC: ======================================================================
  1   .4803D-01   .9912D-01   .2109D+00  -.9866D-02  -.3855D+00  -.5486D+00
  2   .1499D+00   .3339D+00   .1674D+00  -.3070D-02   .4952D+00  -.6114D+00
  3  -.5187D-01   .3036D+00   .1660D+00   .9953D-01  -.4932D+00   .9956D-01
  4   .4459D-01   .1173D+01   .1570D+00  -.9891D-02   .4586D+00   .6620D+00
  5   .6542D-01   .8334D-01   .7189D+00  -.2628D-02  -.6882D-01   .5815D+00
  6   .1249D+00   .4932D+00   .2522D+00  -.1636D-01   .4924D+00   .4945D+00
  7  -.5076D-01   .7209D+00   .3168D+00   .2619D+00  -.5807D+00  -.1052D+00
  8   .2385D-01   .5453D+01   .3411D+00  -.1161D-01   .6907D+00  -.5826D+00
  9   .1439D+00   .3649D+00   .7441D+00  -.1026D-01   .6028D+00  -.5763D+00
 10   .4722D-01   .7926D+00   .1983D+01  -.1706D-01  -.6245D+00   .6767D+00
 11  -.1037D-01   .1637D+01   .5688D+00   .1002D+01  -.5991D+00  -.1097D+00
 12   .1163D-03   .5251D+00   .8048D+03  -.4081D-01  -.1893D+00   .7001D+00
 13   .1341D-01   .7174D-01   .3474D+01   .1740D-02   .2987D-01  -.6758D+00
 14   .9126D-02   .1193D+00   .1168D+02   .3860D-02   .1414D+00  -.6885D+00
 15   .5491D-01   .4993D+00   .1189D+01  -.1314D-01  -.4393D+00  -.6981D+00
 16  -.2531D-02   .6117D+00   .4217D+00   .4069D+01  -.7545D+00   .1247D+00
 17   .7677D-02   .5649D+01   .1996D+01  -.4928D-01   .6757D+00  -.6463D+00
 18   .6121D-01   .1683D+01   .1732D+00  -.8989D-03  -.6656D+00   .6309D+00
 19   .2133D-01   .3512D+01   .2692D+00  -.3701D-01  -.6699D+00  -.6936D+00
 20   .4393D-02   .5488D+00   .1357D+02  -.9092D-01  -.7004D+00  -.6942D+00
 21  -.5194D-02   .2098D+00   .3238D+00   .1115D+01  -.8981D+00  -.7013D-01
 22   .4751D-02   .7431D+00   .1694D+02  -.3266D-02  -.6398D+00   .6969D+00
 23  -.3213D-04  -.2290D+00   .2436D+01   .2178D+03  -.3427D+00   .4284D+00
 24   .3067D-02   .2875D+00   .4040D+02  -.3407D-01  -.2959D+00   .6979D+00
 25   .5891D-03   .1078D+03   .9828D+00   .3806D-01  -.7008D+00   .7389D+00
 26   .1013D-01   .3592D+01   .1319D+01  -.1665D+00   .6530D+00   .6135D+00
 27   .3787D-03   .9468D+00   .8731D+02  -.2273D-01   .6225D+00   .7008D+00
 28   .7656D-03   .2522D+02   .5046D+01   .3729D-01   .7053D+00  -.6983D+00
 29  -.3100D-03   .1161D+01   .3247D+00   .2430D+02   .7858D+00  -.8023D+00
 30   .2245D-01   .6678D+00   .1321D+01  -.6590D-01  -.6407D+00  -.1669D+00
 31   .6317D-02   .2701D+00   .3057D+01  -.3545D-01   .2737D+00  -.3192D+00
 32  -.5388D-04  -.3627D+00   .1075D+01   .7068D+02  -.9342D+00  -.3819D-01
 33   .6838D-03   .1728D+02   .4653D+01  -.1548D+01  -.6885D+00  -.6813D+00
 34  -.7209D-03   .1588D+00   .3846D+01   .8126D+01  -.1514D+01  -.5224D+00
 35   .5172D-03   .2120D+03   .2443D+00  -.7785D-01  -.6997D+00  -.1861D-01
 36  -.3110D-04   .1557D+02  -.3781D+00   .5424D+02   .6675D+00  -.5155D+00
 37   .4276D-04   .8743D+01   .2568D+03   .1031D+00   .7096D+00  -.7006D+00
 38   .3578D-03   .6936D+02   .6942D-01   .1406D+00   .6931D+00   .2970D+01
 39   .4352D-03   .2944D+01   .4618D+01   .1327D-01   .9428D-01   .9222D+00
 40  -.2907D-05   .1144D+01  -.7878D-01   .2043D+04  -.4907D+00  -.4817D+00
 41  -.1671D-03  -.2778D-01   .3942D+00   .1322D+02   .1520D+01  -.1561D+00
 42   .3228D-02   .2103D+00   .6660D+00   .1427D-01  -.2781D+00   .1705D+01
 43   .1074D-02   .3750D-01   .2436D+01   .1838D-01  -.1989D+01   .6385D-01
 44  -.8295D-04   .5415D+01   .7890D-01   .3678D+01   .1362D+01  -.1226D+01
 45   .5834D-02   .3457D+00   .3336D-01   .1433D-01   .2375D+00  -.3013D+01
 46   .1128D-04   .6384D+04  -.4010D+00   .8841D+00  -.7007D+00  -.2011D+01
 47   .6824D-03   .2550D-01   .4296D+02   .4212D-01  -.9900D+00   .7018D+00
 48   .9844D-04   .1982D+00   .1924D+02   .1589D+00   .1562D+01   .3564D+00
 49   .5347D-06  -.2792D-01   .4294D+03   .5362D+01   .5835D+00  -.9078D+00
 50  -.1233D-02   .1520D+00   .8780D-01   .2732D+00   .9909D+00   .6939D+00
 51   .2364D-04   .2291D+04   .6056D-01   .3145D-01  -.7005D+00   .1322D+00
 52   .2543D-03   .2278D-01   .4069D+01   .4534D-01   .4375D+00   .1336D+01
 53   .8054D-05   .4510D+01   .5289D+03   .3147D+00  -.7920D+00  -.6945D+00
 54  -.2328D-03   .5397D-01   .1002D+02   .1631D+01   .4104D+00   .7375D+00
 55  -.7255D-04   .9332D+01   .1968D+01   .4245D+01   .6281D+00  -.4756D+00
 56   .2577D-05   .5919D+03   .2016D-01   .4862D+01   .7267D+00  -.4303D+00
 57   .1619D-06   .4878D+06   .2732D+00   .3208D-01   .7007D+00  -.2434D+00
 58   .2565D-03   .2890D-01   .3276D-01   .2510D-02  -.9870D+00  -.2450D+00
 59   .8445D-05   .8266D+00   .7767D+03   .3054D-01   .1934D+01  -.7119D+00
 60   .2036D-04   .5128D+00   .5238D+03   .3737D-02  -.1878D+01  -.7010D+00
 61  -.2881D-03   .7660D-02   .7611D-01   .9666D-01  -.1586D+01  -.1256D+01
 ---------------------------------------------------------------------------
 ENERGY=      -1.174468414456148   --->   ||g||^2 =   4.571681089658535E-007
 
 :BEGIN:
          61
           1   4.802981796597926E-002   2.987602924204112E-001
   4.470974232116108E-001   3.302422438484216E-002  -3.855008652644347E-001
  -5.485892415730832E-001
           2   1.499488892157409E-001   5.752060657886624E-001
   4.052952311498372E-001   5.337903791586622E-003   4.952092784379985E-001
  -6.114278597902539E-001
           3  -5.187306690611479E-002   6.349302835181870E-001
   4.908829126119877E-001  -1.567507782706440E-001  -4.932412099958465E-001
   9.955709391652096E-002
           4   4.458534138669360E-002        1.078303376220189
   3.833746815664062E-001   9.172353815129420E-003   4.586323930322936E-001
   6.620407328401098E-001
           5   6.541902154697671E-002   2.840968889346009E-001
   8.462997577804976E-001   9.248638507133212E-003  -6.881881384450399E-002
   5.814690454733389E-001
           6   1.249408408806506E-001   6.905716421803134E-001
   4.850552625969585E-001   2.368900397955808E-002   4.923841951281193E-001
   4.944771517789471E-001
           7  -5.076224831124859E-002   9.913785512189733E-001
   7.133664679092048E-001  -2.642257324817139E-001  -5.807276685963012E-001
  -1.051624671252140E-001
           8   2.385371538034315E-002        2.332741907968841
   5.740037031020392E-001   4.978262555853323E-003   6.907071535823073E-001
  -5.825575550252349E-001
           9   1.438576193877180E-001   5.954818424122905E-001
   8.564872273060600E-001   1.723140330451546E-002   6.027882533742428E-001
  -5.763337970267862E-001
          10   4.721829967990515E-002   8.806760182124117E-001
        1.402016369529473   1.936751213837812E-002  -6.244713289599636E-001
   6.767398832728305E-001
          11  -1.037110317661610E-002        1.624247343113073
        1.090940199260116  -6.166640409880509E-001  -5.991080282445812E-001
  -1.096887801756184E-001
          12   1.163364439967886E-004   6.958857394832090E-001
       28.367435221540530   5.864847560054137E-002  -1.892772766329525E-001
   7.001210577524580E-001
          13   1.340690570364351E-002   2.710636977046476E-001
        1.864214064065077  -6.418349121522541E-003   2.986538039946720E-002
  -6.757724830426862E-001
          14   9.125982599807750E-003   3.509460722948292E-001
        3.418680965786387  -1.099941180024429E-002   1.413778537561108E-001
  -6.885252649224513E-001
          15   5.491046711940426E-002   6.972735174022124E-001
        1.084167824891371   1.884345130515101E-002  -4.392883260378946E-001
  -6.980963025299817E-001
          16  -2.531375414487739E-003        2.163562722800443
   9.764864946124172E-001       -1.880815999991490  -7.545429469937774E-001
   1.247236610497388E-001
          17   7.677294443551356E-003        2.366361579068588
        1.394964922226904   2.082373743624081E-002   6.756931937521239E-001
  -6.462915863381873E-001
          18   6.120878836457184E-002        1.296876530814721
   4.150952485865485E-001   6.931166871270160E-004  -6.655670842341797E-001
   6.309110854600797E-001
          19   2.132720936347533E-002        1.864110882508672
   4.814590819936855E-001   1.985154744518102E-002  -6.698682498164503E-001
  -6.935846432958569E-001
          20   4.392507485473816E-003   6.767007254994258E-001
        3.668445159008017   1.343513249313477E-001  -7.004080041529508E-001
  -6.942475373417142E-001
          21  -5.193877297387421E-003        1.151149135805734
   7.073968154424428E-001  -9.688887238972086E-001  -8.981031003817911E-001
  -7.012886529200341E-002
          22   4.751129765131825E-003   8.601327005499985E-001
        4.115927020264169   3.796677369254654E-003  -6.398408439652794E-001
   6.968941582535000E-001
          23  -3.213144540234730E-005       14.751293545125920
        1.485412994873779      -14.766820923087650  -3.426546387940546E-001
   4.283899495027508E-001
          24   3.066862115214565E-003   5.033946593812465E-001
        6.352871652309633   6.769022708769239E-002  -2.958833479816374E-001
   6.978560031874773E-001
          25   5.891268099584316E-004       10.386499847131940
        1.010363881471401  -3.664327783575764E-003  -7.008272980089368E-001
   7.388558287064877E-001
          26   1.013161066822434E-002        1.850813624645369
        1.069896840831452   8.996517874175301E-002   6.530122643501325E-001
   6.134662816872525E-001
          27   3.787104731951311E-004   9.613006186867471E-001
        9.342572580525021   2.364556601060369E-002   6.224567934182252E-001
   7.008127211732409E-001
          28   7.656368105155422E-004        5.025412077976834
        2.254641857505142  -7.420177254650842E-003   7.053494089302067E-001
  -6.982617909873056E-001
          29  -3.100399609279664E-004        5.045982899020697
        1.196978698325268       -4.815893258617579   7.858175015184029E-001
  -8.023177191549681E-001
          30   2.244971429216654E-002   7.758088390780147E-001
        1.117265801867414   8.494002571468941E-002  -6.407140974066058E-001
  -1.668601132684001E-001
          31   6.316658194268288E-003   4.843766927699595E-001
        1.736808996881531   7.318884997418754E-002   2.737117765642242E-001
  -3.191995494329036E-001
          32  -5.388474539269906E-005        8.385436131381869
   8.430944405599757E-001       -8.428689648954505  -9.342342587177653E-001
  -3.819440826569798E-002
          33   6.837756299495829E-004        3.965955018343099
        1.718449574294437   3.902055115507114E-001  -6.884710881379876E-001
  -6.812718220549117E-001
          34  -7.209149945489144E-004        2.878378511152324
        2.000387697590100       -2.823205866130049       -1.514241238710349
  -5.224474561030564E-001
          35   5.171867017080807E-004       14.558544167077290
   4.079646214961777E-001   5.347188031307297E-003  -6.997249001060534E-001
  -1.860676481360541E-002
          36  -3.109652558887306E-005        8.354985249823589
        3.423353044258029       -6.491367801993224   6.675069340924621E-001
  -5.154790548261475E-001
          37   4.276330023417336E-005        2.974316974299576
       16.028269401525790  -3.466314780749411E-002   7.095882376406810E-001
  -7.006168883225491E-001
          38   3.577827541851769E-004        8.336727541664532
   4.580178006300195E-001  -1.687040592415488E-002   6.931140798776374E-001
        2.970047263881749
          39   4.352316868964504E-004        1.719715766345767
        2.151977693280885  -7.717885689978299E-003   9.427770194298019E-002
   9.221928209119399E-001
          40  -2.906865192992055E-006       45.213413276813870
        1.031821809644798      -45.188109332142000  -4.907486133879764E-001
  -4.816539130660753E-001
          41  -1.671113269056601E-004        3.632781361749014
   6.052824513836678E-001       -3.640429693329229        1.520033499904190
  -1.561165861353511E-001
          42   3.227621977997352E-003   4.738480724325825E-001
   8.242387227152704E-001  -3.012401838423296E-002  -2.781230344651451E-001
        1.704992830032201
          43   1.073926678284726E-003   2.363809844514022E-001
        1.564759894044103  -7.775534459768116E-002       -1.989110338526586
   6.385352776274136E-002
          44  -8.295313788984843E-005        3.015505269003161
        1.506394253935997       -1.219668832988659        1.361694464374309
       -1.226412756441605
          45   5.833784608665764E-003   6.000250771198288E-001
   2.170594486258038E-001  -2.387439414083352E-002   2.374565807786677E-001
       -3.012582433868674
          46   1.127958450250499E-005       79.902745193292400
   6.949601110750614E-001  -1.106512378896934E-002  -7.006920823583158E-001
       -2.011335860046629
          47   6.823895042822768E-004   2.600261722977811E-001
        6.555832213315676  -1.619698915953341E-001  -9.900010387305921E-001
   7.018189183018304E-001
          48   9.843809097558081E-005   5.976139416507718E-001
        4.395834198380686  -2.659605380106642E-001        1.561961360048085
   3.564421682426852E-001
          49   5.347321825963720E-007        2.309650221150625
       20.720191472869830       -2.321739197962503   5.834687625201502E-001
  -9.078258359638728E-001
          50  -1.233254415776321E-003   6.520934426125431E-001
   4.306673064532645E-001  -4.189699917293254E-001   9.908990660305206E-001
   6.939213213853741E-001
          51   2.363848983491873E-005       47.863609175460440
   3.033449517852809E-001  -6.571553234964474E-004  -7.004612060701337E-001
   1.322136137937268E-001
          52   2.543208185361218E-004   2.610027515722825E-001
        2.020920308174472  -1.737222769512784E-001   4.374958665346126E-001
        1.335813266931727
          53   8.054297493563456E-006        2.196432575080809
       23.003158714064830  -1.432584520238403E-001  -7.920096575502938E-001
  -6.945420555417929E-001
          54  -2.328404273838415E-004        1.298143180625401
        3.174099895495580       -1.256566285638858   4.103876754730915E-001
   7.374822729301396E-001
          55  -7.255033779662409E-005        3.684699917238408
        2.210278292662836       -1.152101892063083   6.280516194481590E-001
  -4.756104576491957E-001
          56   2.576705233492550E-006       24.428560395490450
        2.200580245523556  -1.990294378038157E-001   7.266746153550270E-001
  -4.302938097203310E-001
          57   1.618566342068034E-007      698.400439161595700
   5.524816723845960E-001  -4.593243262592940E-005   7.006910917376357E-001
  -2.433529366029303E-001
          58   2.565223965201424E-004   1.772197861015699E-001
   1.872720334076466E-001  -1.416363561002895E-002  -9.869936949671583E-001
  -2.449611514554744E-001
          59   8.444920612534125E-006   9.258368022226575E-001
       27.869352761634290  -3.298413204556535E-002        1.933507223955692
  -7.118663666313453E-001
          60   2.036057088215472E-005   7.186902656567641E-001
       22.886689321684980  -5.199202729777537E-003       -1.878370390531412
  -7.009869490864362E-001
          61  -2.881109924263506E-004   3.229830996120353E-001
   2.884546071977767E-001  -2.992668144886621E-001       -1.586451830238898
       -1.255869122223698
 :END:
 
