      LinCoeff:.   AA1:        AA2:        B12:        RZ1:       RZ2:
 FNC: ======================================================================
  1   .1174D+00   .4682D+00   .2784D+00  -.8336D-02   .4983D+00  -.6483D+00
  2   .1124D+00   .6733D+00   .3246D+00  -.8959D-02   .5477D+00   .4424D+00
  3   .4076D-01   .5870D+00   .9735D+00  -.3550D-01   .6365D+00  -.3247D+00
  4  -.6633D-01   .2306D+00   .4698D+00   .1264D+00  -.1478D+00  -.5310D+00
  5   .6900D-01   .7885D+00   .1317D+00  -.9196D-03   .6226D+00  -.5637D+00
  6   .3465D-01   .1680D+00   .1161D+01  -.1101D-01  -.7146D+00  -.3568D+00
  7   .4406D-02   .2524D+01   .3639D+00  -.4277D-01  -.1080D+00  -.5928D+00
  8  -.3641D-01   .1262D+01   .4453D+00   .1953D+00  -.6245D+00  -.2656D+00
  9   .5298D-01   .6227D+00   .1520D+01   .1267D-01   .4659D+00   .6336D+00
 10   .2670D-01   .9708D+00   .2310D+01  -.1316D-01  -.6460D+00   .6815D+00
 11  -.5011D-02   .1685D+01   .7862D+00   .1041D+01   .5763D+00   .1164D+00
 12   .1260D-03   .6739D+00   .3057D+03  -.9920D-01   .2186D+00  -.7004D+00
 13   .8225D-02   .1625D+00   .1007D+02  -.4699D-02  -.1707D+00  -.6944D+00
 14   .5498D-02   .1666D+01   .4374D+01  -.1723D+00  -.6415D+00  -.6683D+00
 15  -.1289D-02   .1146D+01   .7202D+00   .4971D+01   .3203D+00   .6521D+00
 16   .1035D-02   .3031D+00   .7707D+02  -.6033D-01   .2058D+00  -.6976D+00
 17   .4324D-02   .5653D+01   .2461D+01  -.2565D-01   .6871D+00  -.6701D+00
 18   .5342D-01   .1896D+01   .2365D+00  -.1086D-01   .6382D+00  -.4994D+00
 19  -.4164D-04  -.8136D+00   .2307D+01   .1426D+03   .1068D+01   .6999D+00
 20   .3372D-02   .1049D+01   .1288D+02  -.1561D-01   .6837D+00  -.6924D+00
 21   .1566D-01   .3223D+00   .3854D+01  -.3586D-01  -.6356D+00  -.6735D+00
 22   .3087D-02   .6518D+00   .1142D+02  -.9472D-01  -.6797D+00  -.6819D+00
 23  -.3829D-02   .5418D+00   .2870D+00   .2039D+01   .1936D+00   .8322D+00
 24   .7857D-03   .1266D+01   .5477D+02  -.1955D-01  -.6517D+00   .6984D+00
 25   .5928D-03   .5709D+01   .2215D+02  -.1658D-01   .6833D+00  -.7002D+00
 26   .9329D-01   .1732D+00   .3354D+00  -.1064D-01   .3726D+00   .4934D+00
 27  -.8638D-04   .1090D+00   .3723D+01   .3796D+02   .1089D+01  -.5145D+00
 28   .2847D-05   .4027D+04  -.3668D-01   .6363D+00  -.7002D+00   .7202D+00
 29   .1850D-01   .5082D+01   .4229D+00  -.1119D-01   .6786D+00  -.6147D+00
 30   .4896D-01   .1024D+01   .4467D+00   .3433D-02  -.7664D+00   .6395D+00
 31   .6333D-02   .1113D+00   .4426D+01   .2099D-01  -.1171D+01   .7525D+00
 32   .4325D-04   .1446D+03   .5824D+01  -.2990D+01  -.7013D+00  -.6791D+00
 33   .8708D-04   .6184D+03  -.2246D+00   .4629D+00   .7019D+00   .1843D+01
 34  -.1506D-05   .1394D+01   .4204D+00   .1756D+04  -.6219D+00   .5399D-01
 35  -.5085D-03   .1303D+01   .5975D+01   .4231D+01  -.4220D+00  -.6569D+00
 36  -.9821D-04   .6606D+00   .2628D-02   .3802D+02   .3605D+00  -.1704D+00
 37   .1363D-03   .1765D+03   .9844D-01   .3984D+00  -.6975D+00  -.1615D+01
 38   .3523D-03   .2545D+02   .3101D+01  -.7689D+00   .6929D+00   .6955D+00
 39   .2104D-03   .1753D+00   .5364D+02   .1511D-01  -.8404D+00  -.7071D+00
 40   .1353D-04   .2783D+01   .9005D+03  -.1032D+00  -.6989D+00   .7002D+00
 41   .2819D-02   .1536D+01   .2106D+01  -.1391D+00  -.6696D+00  -.1023D-02
 42   .4147D-01   .5242D+00   .7848D-01  -.3236D-02  -.4663D+00  -.4152D+00
 43   .1222D-01   .3350D+01   .1002D+00   .3153D-02   .5827D+00   .1307D+00
 44  -.1306D-01   .6272D+00   .4376D+00   .4758D+00  -.1161D-01   .7077D+00
 45  -.5203D-04   .2008D+00   .1774D+01   .1950D+01  -.4763D+00   .1250D+01
 46   .4933D-06   .7590D+02   .5475D+00   .2576D+02   .7193D+00   .1178D+01
 47   .6327D-01   .2443D+00   .1396D+00  -.2831D-03   .4500D+00  -.7857D+00
 48   .1826D-04  -.4842D-01   .1787D+02   .3340D+00  -.1589D+01   .3081D+00
 49   .1947D-03   .8159D-01   .2028D+03   .3170D-01   .5131D+00  -.7007D+00
 50   .1228D-01   .1745D+01   .1454D+00  -.1016D-01   .8330D+00   .7772D+00
 51   .4265D-02   .3246D+00   .2098D+02   .5079D-02  -.6281D+00   .6988D+00
 52  -.2614D-01   .2053D+00   .1295D+00   .6576D-01   .1679D+00  -.6396D+00
 53  -.3794D-03   .7431D+00   .6305D+00   .1498D+02   .2970D+00  -.1322D+01
 54  -.4879D-05  -.9181D-01   .8839D+00   .5914D+03  -.1615D+01   .1330D+00
 55  -.3820D-02   .1591D+00   .2435D+00   .7100D+00  -.8294D+00   .5736D-01
 56  -.2506D-05   .2281D+00   .1051D+02   .5957D+03   .2103D+01  -.6857D+00
 57   .1403D-02   .1024D+00   .3116D+02  -.1135D-01   .2393D+00  -.6986D+00
 58  -.9278D-05   .3646D+02   .2502D+03   .2615D-01  -.7043D+00   .7018D+00
 59   .2574D-03   .8624D+01   .9538D+01  -.4283D+00  -.6410D+00  -.7207D+00
 60   .3085D-04   .2244D+02   .1494D+03   .1589D+01   .8017D+00  -.7172D+00
 61   .2109D-01   .1743D+00   .8249D-01  -.5767D-02   .4798D+00   .1238D+00
 62   .6416D-03   .4380D+02   .8579D+00  -.2533D+00  -.7004D+00  -.5133D+00
 63   .1390D-02   .7932D+01   .1061D+01  -.1829D+00  -.7019D+00   .6733D-01
 64   .5459D-05   .1976D+04  -.8595D-01   .9407D+00  -.7000D+00  -.1310D+01
 65   .2622D-02   .5374D+00   .2672D+00  -.9535D-02   .1536D+01   .4428D+00
 66   .1744D-02   .7587D+01   .5743D-01   .7730D-03  -.7036D+00  -.5668D+00
 67   .7431D-12   .2590D+00   .5147D+06   .5326D-02   .1249D+01  -.8150D+00
 68  -.4128D-04   .1138D+01   .4828D+01  -.5585D-01   .1706D+01  -.9885D+00
 69  -.3863D-03   .7398D-01   .3927D+00   .7255D+01   .1474D+01   .1656D+00
 70  -.5233D-04   .4416D+00   .5637D+01   .2081D+02  -.1084D+01   .9053D+00
 71  -.2780D-04   .1105D+01   .2235D+02   .1394D+02   .4261D+00  -.7021D+00
 72  -.1691D-02   .3189D+00   .3753D+01   .8671D+00   .2147D+00   .6849D+00
 73   .1340D-01   .1585D+01   .6586D-01  -.1533D-02   .5985D+00  -.2852D+00
 74   .5503D-11   .2630D+00   .2567D+06   .4715D-01  -.3769D+00   .8109D+00
 75   .1383D-04   .2949D+04   .6822D-01   .7302D-01   .7010D+00  -.1269D+01
 76  -.8835D-05   .6719D+01   .1528D+02   .7991D+02   .7026D+00   .6920D+00
 77   .4949D-04   .2448D+03   .2838D+01   .5495D+00  -.7038D+00   .9133D+00
 78   .1447D-02   .5512D-01   .4859D+00   .2834D-02   .8013D+00  -.1515D+01
 79   .8070D-03   .1593D+00   .2942D+02   .5135D-01  -.1205D+01  -.6866D+00
 80  -.3254D-06   .9382D+00   .6110D+00   .8850D+04   .1189D+01  -.3671D+00
 81   .2548D-04   .8288D-01   .7801D+03   .1003D+00   .1893D+01   .6966D+00
 82  -.5008D-11   .1669D+06  -.5535D+01   .5824D+01  -.7024D+00   .1773D+00
 83   .1511D-02   .2176D+00   .9520D+01  -.7801D-01   .5192D+00  -.6191D+00
 84  -.1278D-06  -.3722D-01   .1190D+06   .2233D+00  -.8236D-01   .7006D+00
 85   .3262D-02   .3130D+00   .3626D-01   .6988D-02   .3949D+00  -.2301D+01
 86   .7199D-05   .6139D-01   .7278D+03   .1959D+01   .1486D+01  -.7019D+00
 87   .5322D-06  -.7696D-01   .8464D+05   .2849D+00  -.1954D+01  -.7006D+00
 88   .2176D-07   .2254D+05  -.1828D+00   .3744D+00   .7077D+00  -.1889D+00
 89  -.9562D-06   .6267D+01   .1095D+02   .8636D+01   .1021D+01  -.8173D+00
 90  -.2379D-05   .3467D+00  -.1897D+00   .1448D+03  -.6421D+00  -.1144D+01
 91   .5999D-05   .4922D+02   .7914D+02   .2979D-01   .7394D+00   .6683D+00
 92   .3713D-04   .9709D+01   .1354D+01  -.1223D-01   .1279D+00  -.7720D+00
 93   .1090D-04   .4677D+01   .1702D+02   .1475D+02   .5970D+00  -.7868D+00
 94   .1511D-03   .1651D+03   .4509D+00   .1363D+00  -.7028D+00   .1330D+01
 95  -.7275D-04   .4103D+01   .2941D+00   .8739D-01  -.1244D+01  -.2019D+01
 96   .5234D-04   .1733D+02   .2204D+00   .2931D+00   .9032D+00  -.1809D+01
 97   .7414D-04   .1440D+01   .5363D+01   .8344D-01  -.4683D-01  -.1245D+01
 98  -.2626D-04   .6397D+00   .2581D+02   .9723D+00  -.1217D+01   .5254D+00
 99  -.3695D-13   .4379D+06   .1189D+02  -.1148D+02  -.7162D+00  -.1458D+01
100  -.1803D-04   .1551D+02   .3223D+01  -.1114D+00   .8467D+00  -.1060D+01
101  -.1271D-08   .1002D+00   .1907D+06   .1228D+00   .5396D+00  -.7168D+00
102  -.8982D-06   .8267D-01   .3083D+04   .9118D-02  -.1597D+01   .7082D+00
103   .1181D-03   .2236D-02   .1148D+03   .8201D-01   .1465D+01  -.6985D+00
104  -.1532D-03   .1948D+01   .3620D+01   .3337D+01   .7733D+00   .1031D+01
105  -.3739D-06   .1342D+01   .1317D+04   .4289D-01  -.7460D+00   .7537D+00
106   .1262D-04   .2879D+01   .1063D+02   .3877D-01   .1565D+01   .8824D+00
107  -.9164D-03   .8443D+00   .9755D+00   .7189D+00   .1144D+01   .9090D+00
108   .1981D-07   .2221D+05  -.2924D+00   .3990D+00  -.7292D+00  -.9817D+00
109   .7046D-07   .2480D+00   .4838D+06   .1777D-02  -.1286D+00  -.7006D+00
110   .4012D-06   .1216D+04   .4698D+00   .3614D+01   .6904D+00   .1808D+01
111  -.4314D-04   .2050D+01   .2559D+01   .3061D+01   .1180D+01  -.9666D+00
112  -.1393D-03   .1158D+00   .2621D+01   .1685D-01   .3269D-01  -.1533D+01
113   .1309D-04   .6927D+02   .5163D+00   .6688D+00   .7245D+00   .1732D+01
114   .1482D-02   .8963D+00   .1499D+01  -.6345D-01  -.1331D+01  -.6140D+00
115   .5134D-04   .6183D+01   .1429D+00   .1345D+01   .1168D+01   .6685D+00
116   .2939D-05   .1519D+05   .1120D+00   .1314D+00   .7003D+00  -.1442D+01
117   .1818D-06   .1220D+02   .1428D+05   .3517D-02   .5922D+00  -.6988D+00
118  -.1090D-05   .3780D+02  -.2897D-02   .1090D+02   .6867D-01  -.4334D+00
119  -.2744D-05   .1550D-03   .7239D+01   .7757D-02   .1552D+01  -.1526D+00
120   .2829D-03   .3966D+01   .5956D-01  -.1369D-01   .1035D+01   .4850D-01
121   .4146D-06   .1706D+04   .4119D-02   .8184D-02   .6988D+00  -.3150D+00
122  -.2195D-04  -.4087D-03   .2211D+02   .4322D-01  -.3529D-01  -.1041D+01
123   .1121D-04   .4986D+01   .1511D+02   .2560D+01  -.3655D+00   .9180D+00
124   .1697D-04   .2244D+04   .4997D+00   .1649D+00  -.7006D+00   .1143D+01
125   .1092D-05   .1403D+01   .1437D+05  -.1196D-02   .4978D+00  -.7007D+00
126  -.3921D-03   .3428D+00   .1199D+00   .3199D+00   .1887D+01   .1256D+01
127   .4474D-04   .6907D-01   .8955D+01  -.5121D-03  -.2128D+00   .1167D+00
128   .2054D-04   .3793D+01   .7578D-01   .2426D+01  -.1813D+01   .3564D+00
129  -.3020D-06   .1409D+04   .1005D+01   .6048D+00  -.7272D+00  -.1189D+01
130   .5943D-06   .1804D+00   .6396D+02   .9017D-03   .1291D+01   .2593D+00
131  -.1173D-05   .6653D+02   .1696D+02   .1298D-01   .9174D+00   .3630D+00
132  -.5918D-06  -.4571D-04   .4690D+04   .1401D+01  -.7667D+00   .6962D+00
133   .2918D-03   .1264D+01   .1080D-01   .1902D-01  -.1184D+00  -.1872D+01
134   .2639D-06   .2397D+04  -.5410D+00   .9479D+00   .7263D+00   .1132D+01
135   .1690D-04   .3666D+02   .7285D-02   .1537D-01  -.6228D+00   .1048D+01
136  -.1419D-04   .4313D+01   .1621D+02  -.4785D-03   .1288D-01  -.1233D+01
137   .5673D-07   .4221D+05   .9373D+01  -.3934D+00  -.7005D+00   .1024D+01
138   .7878D-07   .1541D+01   .4428D+05   .5462D-01   .2947D+00  -.7007D+00
139   .9644D-05   .1433D+02   .8994D+01   .4523D-02   .4854D+00  -.9225D+00
140   .8697D-07   .1204D-02   .2720D+05   .3991D-01  -.1588D+00   .6996D+00
141   .1183D-04   .7060D-01   .7865D+03   .5617D-02   .1708D+01  -.7025D+00
142   .3889D-05   .2109D+02   .1073D+02   .5937D+00  -.1150D+01  -.9741D+00
143  -.3530D-04   .6543D+01   .3747D-02   .3461D+01  -.6580D-01   .1935D+01
144  -.2763D-07   .8164D+00   .1827D+00   .6978D+05   .4085D+00   .8050D-01
145   .1025D-04   .1354D+01   .9313D-09   .7115D-02  -.9843D+00  -.8751D-01
146  -.2742D-04   .4853D-01   .4754D-03   .1771D+00   .1092D+00   .1073D+01
147  -.1970D-05   .4089D+02   .1158D+01   .4327D-01   .1481D+00  -.1197D+01
148  -.7041D-05   .1145D-04   .5403D+01   .1060D+02  -.2561D+01  -.1671D+01
149   .2799D-06   .1980D+02   .6551D+04   .4789D-02   .8572D+00  -.7049D+00
150  -.5901D-04   .4156D-01   .7072D+01   .4268D-03   .6050D+00  -.1287D+01
151  -.1689D-05   .3308D+02  -.2117D-05   .5894D-01  -.1014D-01  -.6674D+00
152   .1657D-04   .2041D-01   .1510D-01   .8116D-04   .1582D+01  -.1669D+01
153   .2747D-06   .1164D+05   .2404D-02   .4845D+01  -.7012D+00  -.2222D+01
154  -.1301D-05   .1962D-02   .1318D+03   .9036D-02  -.1376D+00   .5478D+00
155   .4656D-05   .1151D+00   .9359D+02   .8354D+00   .1043D+01  -.5304D+00
156  -.5401D-06   .7038D+01   .3351D-04   .4211D+03  -.7584D-01  -.9782D+00
157  -.5709D-06   .3680D+00   .8947D+02   .3743D+00   .1664D+01  -.1014D+01
158   .1395D-04   .5995D-01   .6355D+01   .3073D-03  -.3625D+00  -.1902D+01
159  -.4282D-05   .1012D+02   .3583D+01   .2280D-02   .1606D+01   .4952D+00
160  -.2676D-06   .6632D+02   .7628D+03   .1262D-01  -.5795D+00   .6895D+00
161   .2330D-04   .1140D+02   .2448D+00   .1294D-02  -.3086D+00   .1544D+01
162   .5821D-05   .1699D+01   .2350D+01   .7451D-04  -.1780D+01   .8537D-01
163   .1025D-04   .4124D+00   .1301D+02   .1042D+01  -.1548D+01  -.3017D+00
164  -.6242D-05   .2774D+02   .1097D-03   .4667D-01   .2487D+00   .2372D+01
165   .7253D-05   .1004D+02   .9908D+02   .2535D-03  -.7121D+00   .6581D+00
166  -.2184D-05   .1123D+03   .9512D+01   .1993D+00   .7566D+00   .2550D+00
167  -.2460D-04   .1977D+01   .1505D-04   .4337D-01  -.2086D+01   .1521D+01
168  -.4845D-05   .3025D+02   .7448D-05   .1544D+01   .1227D+01   .1812D+01
169   .1304D-05   .8949D+03   .7963D+02   .2433D-01  -.7053D+00   .6226D+00
170   .4204D-04   .1587D+02   .1141D+00   .5646D-01  -.9034D+00   .2112D+01
171   .2656D-05   .2698D+02   .4415D-01   .1007D+00  -.1346D+01   .6876D+00
172  -.7922D-05   .1394D-05   .1410D+02   .2010D-01   .2514D+01  -.4560D+00
173  -.9188D-06   .4235D+02  -.1171D-06   .6829D+00  -.3323D+00   .2955D+00
174  -.1317D-05   .4300D+01   .1444D-03   .8773D+02   .1194D+01   .1565D+01
175   .7784D-06   .8411D-05   .7441D+04   .5405D-01   .1668D+01  -.7027D+00
176  -.6071D-05   .5867D+02   .4043D+00   .1480D-03  -.9251D+00   .1142D+01
177  -.1282D-05   .1014D+01   .2792D+03   .4939D+00   .6462D+00  -.5783D+00
178  -.3647D-05   .1142D+01   .6626D+02   .5767D-03   .1559D+01   .5442D+00
179   .1585D-05   .1015D+03   .4142D+01   .1663D-03  -.4563D+00   .3748D+00
180   .1866D-05   .4664D+01   .1954D+03   .1960D+01   .1638D+01  -.7647D+00
181  -.6042D-04   .6677D+00   .1509D+01   .1419D+00   .2974D+00  -.2212D+01
182  -.1755D-03   .2485D+00   .3637D+01   .6797D+00  -.2309D+01   .5502D+00
183   .2690D-04   .4578D+01   .1008D+02   .3442D-01   .6399D+00   .1003D+01
184   .2845D-05   .9286D+02   .1328D-02   .2140D-01   .1009D+01   .1231D+01
185   .1059D-04   .6296D-01   .8937D+01   .8342D+01  -.1460D+01   .1266D+01
186   .8681D-04   .3735D+00   .9424D+01   .4846D-01  -.3611D+00  -.2437D+00
187  -.9303D-05   .2270D-05   .6062D-01   .3499D+01   .8004D+00  -.2225D+00
188   .8071D-05   .2469D-05   .4135D+02   .3345D-01   .1042D+01   .1220D+01
189   .2638D-04   .1559D+00   .9380D+01   .1645D-03   .1816D+01   .4074D+00
190  -.8952D-07   .2104D-02   .1534D+00   .4569D+04   .1922D+01  -.4311D+00
191  -.4268D-05   .8415D-01   .4984D+02   .7841D-04   .1545D+01  -.1209D+01
192  -.3083D-03   .2367D-04   .1320D+01   .1850D+00   .1133D+01  -.8425D+00
193   .3219D-04   .2353D+01   .7478D-01   .3080D+00   .1851D+01   .1775D+01
194   .2128D-05   .5189D+01   .9247D+01   .7594D+02  -.1155D+01   .1288D+01
195  -.1764D-04   .2243D+02   .6208D-04   .3006D+00   .1759D+00   .1803D+01
196   .2942D-05   .1619D+02   .1016D+03   .6214D+01   .4696D+00   .7019D+00
197   .8605D-04   .7866D+00   .2305D-01   .2759D-03   .1035D+01   .1802D+01
198   .1482D-04   .3493D+01   .4063D+01   .1196D+01  -.1251D+01   .1830D+01
199   .2951D-04   .1104D-04   .2661D+00   .1020D+01  -.7297D+00   .2118D+01
200   .2299D-04   .8295D+01   .5228D+01   .8421D-02   .8721D+00  -.4731D-01
201   .1726D-05   .1005D-01   .1077D+03   .2448D-02   .1103D+01  -.7600D+00
202   .2173D-05   .5251D-03   .6498D-01   .1733D+02  -.1300D+01   .1231D+00
203  -.8618D-05   .2090D+01   .4933D+01   .5330D+00  -.7353D-01  -.2479D+01
204   .6085D-04   .3021D-01   .1076D+02   .6337D-02   .1297D+01  -.6061D+00
205  -.1122D-04   .2262D+01   .7579D+01   .3985D+01   .1937D+00  -.1265D+01
206   .8534D-05   .1479D+02   .1520D+00   .2052D-03  -.1506D+01   .1588D+01
 ---------------------------------------------------------------------------
 ENERGY=      -1.174475056859679   --->   ||g||^2 =   7.439890897963814E-011
 
 :BEGIN:
         206
           1   1.174354192189273E-001   6.781497958926137E-001
   5.194984150049483E-001   1.229177658534770E-002   4.983242637857422E-001
  -6.483357023199394E-001
           2   1.124450965264039E-001   8.150797335916821E-001
   5.616773693310445E-001   1.099127385552478E-002   5.477483073710182E-001
   4.424449328371128E-001
           3   4.075736814653643E-002   7.426300849617674E-001
   9.673008958265925E-001   4.780189434535353E-002   6.365183621298853E-001
  -3.247468925128675E-001
           4  -6.633322114756225E-002   5.974651922179292E-001
   7.426065801749449E-001  -2.115131499690743E-001  -1.478353240659778E-001
  -5.309724285571592E-001
           5   6.900086871310393E-002   8.874722940817728E-001
   3.616243152454162E-001   1.036226669511193E-003   6.225879983173437E-001
  -5.636984053482620E-001
           6   3.464745923476926E-002   3.962266647765272E-001
        1.071793370418657   2.778960680913872E-002  -7.145829869034236E-001
  -3.568405589766094E-001
           7   4.406130639697168E-003        1.575135581920944
   5.660711119127250E-001   2.715473369174514E-002  -1.080386461447687E-001
  -5.928156675298906E-001
           8  -3.640712850042020E-002        1.207010383360925
   7.838566006553417E-001  -1.617845892065397E-001  -6.245030449294087E-001
  -2.655782436260201E-001
           9   5.297845305089965E-002   7.971119939590080E-001
        1.237807124646662  -1.589653375077280E-002   4.659098146217540E-001
   6.335694965864976E-001
          10   2.669953977773002E-002   9.785743643035667E-001
        1.515570711019969   1.344465823576510E-002  -6.460473175942593E-001
   6.815071841701276E-001
          11  -5.010761887946373E-003        1.651218583548036
        1.195756267917464  -6.306701334178535E-001   5.762518803597581E-001
   1.163792748283534E-001
          12   1.259967497292873E-004   7.580851277437223E-001
       17.479567242185250   1.308547697809224E-001   2.185804082565286E-001
  -7.003833221693935E-001
          13   8.225369316850721E-003   3.972435378703794E-001
        3.172912035544754   1.182894685683253E-002  -1.707264408648499E-001
  -6.943695864846617E-001
          14   5.498242134995200E-003        1.222036194891099
        2.044988869127363   1.409796026342374E-001  -6.414532716739563E-001
  -6.682758881815233E-001
          15  -1.288701483713090E-003        2.473237169202883
        1.284997072684278       -2.010061670925401   3.202853488879871E-001
   6.521097780039347E-001
          16   1.035403206243956E-003   4.926987086753345E-001
        8.774928345050597   1.224554398244312E-001   2.058308597454093E-001
  -6.975858572546729E-001
          17   4.324000058094898E-003        2.372164420075691
        1.560478933711572   1.081472462129454E-002   6.871027469596445E-001
  -6.700798781009902E-001
          18   5.342391745841034E-002        1.373150337812730
   4.749520721258493E-001   7.907957680798959E-003   6.382245761661873E-001
  -4.994133577970262E-001
          19  -4.163817076567280E-005       11.908211039241970
        1.220317351719077      -11.976534957535440        1.068057701061400
   6.998502148726965E-001
          20   3.372324025096255E-003        1.016610433357670
        3.586338659286600   1.535484685074407E-002   6.836583720813486E-001
  -6.923683949254830E-001
          21   1.566014684736586E-002   5.351653252865661E-001
        1.952939555771297   6.700599056924689E-002  -6.356360346443234E-001
  -6.735190192724523E-001
          22   3.087306472250099E-003   7.463861235103038E-001
        3.362952035396266   1.269110099585730E-001  -6.796531649840770E-001
  -6.819159427127698E-001
          23  -3.829129127076007E-003        1.606525050900570
   8.456219149161324E-001       -1.269259341835766   1.936408890793713E-001
   8.322082502367283E-001
          24   7.857437201489026E-004        1.116325568623591
        7.399300795061497   1.750917009700200E-002  -6.516929009891953E-001
   6.983801020047636E-001
          25   5.927830214637658E-004        2.385786454237444
        4.704302076993382   6.950966569402233E-003   6.833059342140014E-001
  -7.001726787323651E-001
          26   9.329091764402442E-002   4.031720001893828E-001
   5.692874752337274E-001   2.637861152633233E-002   3.725646067072652E-001
   4.933625008931745E-001
          27  -8.638110748378469E-005        6.170156319119908
        1.957448612011284       -6.152496027556016        1.088923461839348
  -5.144972008082983E-001
          28   2.847440623498842E-006       63.461569287246580
   7.742818845266468E-001  -1.002638068497069E-002  -7.002208065144340E-001
   7.202090712531668E-001
          29   1.850481274278962E-002        2.251831648901425
   6.416249544749774E-001   4.968023088676809E-003   6.785870690371708E-001
  -6.146810027146326E-001
          30   4.895573741774126E-002        1.013803056569124
   6.708802809688222E-001  -3.386371584593433E-003  -7.663685481255970E-001
   6.395341193657204E-001
          31   6.333142329574180E-003   3.636846007624590E-001
        2.108089909921462  -5.772054823724561E-002       -1.171093611217690
   7.525442337382335E-001
          32   4.325338070256775E-005       11.899674471011880
        1.664738055536991   2.512442373935488E-001  -7.012684224360425E-001
  -6.791000567647748E-001
          33   8.708059947255176E-005       24.877948003464170
   4.877381060600736E-001  -1.860556982422534E-002   7.019415697799660E-001
        1.842754053937139
          34  -1.505652733659292E-006       41.920439963460600
        1.346647565216605      -41.887181836586000  -6.219323144011510E-001
   5.399061657337432E-002
          35  -5.085434014347460E-004        2.352392571586173
        2.640327338939327       -1.798384203486409  -4.220035191371914E-001
  -6.569459248017500E-001
          36  -9.820986109706947E-005        6.219491211698949
   8.074536428402188E-001       -6.113270967865787   3.605314689572416E-001
  -1.704376680100014E-001
          37   1.362829797417228E-004       13.298710181546300
   7.042194211346469E-001  -2.995642047551170E-002  -6.975494694897370E-001
       -1.614591739716922
          38   3.522730366404278E-004        4.967959673151852
        1.519322003196772   1.547794922967521E-001   6.928665010217824E-001
   6.955303020590908E-001
          39   2.103895107473821E-004   4.363818342032158E-001
        7.324951171678078  -3.462968814856621E-002  -8.403847497465716E-001
  -7.071320665567565E-001
          40   1.352771650549408E-005        1.636941310048373
       30.006029367390450   6.303828612702506E-002  -6.988794003634150E-001
   7.001546198382128E-001
          41   2.818653110802284E-003        1.181850948416639
        1.397588952495272   1.176951323182417E-001  -6.696425920065456E-001
  -1.022750724113161E-003
          42   4.147447256531522E-002   7.217867797977916E-001
   2.742668319338511E-001   4.483873898122371E-003  -4.663379378172769E-001
  -4.151710411346663E-001
          43   1.221730403476285E-002        1.831255005805322
   3.214737148476218E-001  -1.721938627202585E-003   5.826513761436338E-001
   1.306746082827802E-001
          44  -1.305945875932996E-002        1.050224967388193
   8.415368356775551E-001  -4.529997653298967E-001  -1.161236882902316E-002
   7.077434638025499E-001
          45  -5.202878554890508E-005        1.466585285637239
        1.398516922675849       -1.329663485359375  -4.763007272880804E-001
        1.249917129719759
          46   4.933057367392553E-007       10.082644792287640
        4.447290039539023       -2.554554246829940   7.193340972077500E-001
        1.178074914608465
          47   6.327204071551561E-002   4.939560936007222E-001
   3.732115057821567E-001   5.730383395663348E-004   4.499798617403524E-001
  -7.857320574745438E-001
          48   1.825550305594154E-005   5.343852376562462E-001
        4.220247875007477  -6.249881582304349E-001       -1.589250919924369
   3.080783201110910E-001
          49   1.947491121638790E-004   3.365875391896659E-001
       14.241942004677100  -9.418502913077345E-002   5.130874017230408E-001
  -7.007417097512726E-001
          50   1.228497473011098E-002        1.317195041743191
   3.675986800349141E-001   7.716591482140430E-003   8.330108476360584E-001
   7.771773786727079E-001
          51   4.264773466357646E-003   5.742189775560680E-001
        4.581258328757408  -8.845797071999440E-003  -6.281422837196180E-001
   6.988065040081536E-001
          52  -2.613782691052913E-002   5.206047745679800E-001
   4.234582767935590E-001  -1.263074090071464E-001   1.678965664932590E-001
  -6.396072098463204E-001
          53  -3.793805901543184E-004        3.965024972509400
        1.156891870206798       -3.777623340725836   2.970227690360152E-001
       -1.321596324554281
          54  -4.879037217829517E-006       24.316948893288860
   8.899965806996403E-001      -24.320724502099020       -1.615361871053198
   1.330480559042263E-001
          55  -3.819700358044779E-003   9.322430489968803E-001
   6.111003470255589E-001  -7.616025344459864E-001  -8.293861366668658E-001
   5.735604768129610E-002
          56  -2.505780089274169E-006       24.411726781731060
        3.277461325730537      -24.402382957239580        2.103280012614198
  -6.856963900421285E-001
          57   1.403465389926447E-003   3.017529609868812E-001
        5.581339248029841   3.760812079098719E-002   2.392747404563168E-001
  -6.986062115437517E-001
          58  -9.278461017652108E-006        6.040390178461088
       15.818455501110540  -4.329872103400420E-003  -7.043341284581621E-001
   7.017601800100488E-001
          59   2.573562161149532E-004        2.862867592876096
        3.014453452740440   1.495993052634874E-001  -6.410205224498193E-001
  -7.206660100451109E-001
          60   3.085386385118126E-005        4.901950934212331
       12.282187539033090  -3.242342302057406E-001   8.016539936570012E-001
  -7.172380496729887E-001
          61   2.109015135671576E-002   4.105234956246993E-001
   2.766272124034606E-001   1.404766662588782E-002   4.798098999489083E-001
   1.238080159153600E-001
          62   6.416252546354417E-004        6.598979719529732
   7.766520122828371E-001   3.838266783067233E-002  -7.003760662963511E-001
  -5.132573347933150E-001
          63   1.389607443137872E-003        2.783720592476684
   9.345877254821167E-001   6.569419076691117E-002  -7.019342637819711E-001
   6.732733171606409E-002
          64   5.458559018347921E-006       44.464162650088740
   9.242648434278138E-001  -2.115545051617163E-002  -7.000008202316823E-001
       -1.309857015952739
          65   2.622325248638002E-003   7.265122708558899E-001
   5.074701729036217E-001   1.312379173331549E-002        1.535868590756768
   4.427753177117789E-001
          66   1.743837233324842E-003        2.754563063314879
   2.412471303034930E-001  -2.806103694470057E-004  -7.035914250795383E-001
  -5.667531555864659E-001
          67   7.430514420002630E-013   5.140963947792446E-001
      717.421809090198300  -1.036026773498540E-002        1.249441576800617
  -8.150331338772739E-001
          68  -4.127976885212235E-005        1.040345705794956
        2.183828771472208   5.368464066611889E-002        1.705795969913419
  -9.884672814108902E-001
          69  -3.862779677640676E-004        2.707260024670026
   6.825645942878610E-001       -2.679933960281864        1.473933939884403
   1.656119875757807E-001
          70  -5.232854441406504E-005        4.610371990028973
        2.463607661349156       -4.514597969539048       -1.084446901050649
   9.052844545877007E-001
          71  -2.779837702836198E-005        3.879370864813009
        4.834194505094340       -3.594409488744009   4.260906319651279E-001
  -7.020508444447142E-001
          72  -1.690693929936222E-003        1.089032225772316
        1.996498296290188  -7.961957696714852E-001   2.147431101077143E-001
   6.848503942776211E-001
          73   1.339944011974768E-002        1.258390340608403
   2.536268832973404E-001   1.218312916713886E-003   5.985328900584332E-001
  -2.851971187550246E-001
          74   5.502729147984110E-012   5.569509113802903E-001
      506.674801884586200  -8.465639612610863E-002  -3.769052860576386E-001
   8.108993050322160E-001
          75   1.382600221110753E-005       54.304662347448740
   3.758177792903419E-001  -1.344663654940241E-003   7.009551833637049E-001
       -1.268951410802865
          76  -8.835088708637594E-006        9.307422952125483
        4.633957070673922       -8.585493099412480   7.026198573140519E-001
   6.919990171375190E-001
          77   4.949173953545195E-005       15.662774371588830
        1.840162190072631  -3.508589606675578E-002  -7.038042353256644E-001
   9.133387479886417E-001
          78   1.447046302502006E-003   2.407369767025407E-001
   6.990304949805161E-001  -1.177250906807655E-002   8.013075918420072E-001
       -1.514542916343440
          79   8.070053351077928E-004   4.589762899679726E-001
        5.427641630833741  -1.118685957355695E-001       -1.205179838570208
  -6.865692949897111E-001
          80  -3.253857820904529E-007       94.077330792897830
        1.244626646049398      -94.067358088425920        1.189483399914314
  -3.670954451320593E-001
          81   2.547993374024112E-005   4.280094262794712E-001
       27.931505682523880  -2.343704316309236E-001        1.892579837857325
   6.966403882260166E-001
          82  -5.008069933941720E-012      408.580403878733100
   5.376550011062631E-001  -1.425496985759818E-002  -7.023519201327955E-001
   1.772973367486838E-001
          83   1.510935084782937E-003   3.735703909011789E-001
        3.065672597218343   2.088292123596930E-001   5.191764207306919E-001
  -6.191429597674522E-001
          84  -1.278023354323404E-007   4.313585946260302E-001
      345.011708853649500  -5.176509798153842E-001  -8.236342916301959E-002
   7.006428787975045E-001
          85   3.262047188654760E-003   5.657185608875246E-001
   2.075924418824984E-001  -1.235158228027328E-002   3.949096496410366E-001
       -2.300920381777351
          86   7.198647452336713E-006        1.421325656247624
       26.979790595561340       -1.378134216145271        1.486371426889584
  -7.019071227331414E-001
          87   5.321614785236484E-007   4.560014098206138E-001
      290.932737317187400  -6.247621198740367E-001       -1.954001838502845
  -7.006228324108453E-001
          88   2.175778360741157E-008      150.123350860726700
   4.376923132220936E-001  -2.493891858771924E-003   7.077289204426879E-001
  -1.889459076327910E-001
          89  -9.561990011968265E-007        3.860433275119565
        3.817994014731825       -2.237118566067864        1.021079249340321
  -8.173442064695412E-001
          90  -2.379345065853677E-006       12.049556988043420
   3.951778962027365E-001      -12.020787172963050  -6.421397040347812E-001
       -1.143789684203983
          91   5.998689271324816E-006        7.017861101276139
        8.897507276801484  -4.245408116598538E-003   7.394348450601755E-001
   6.683121449461954E-001
          92   3.712684260317477E-005        3.113944486396674
        1.158298062224385   3.925976490412767E-003   1.279190832751672E-001
  -7.720120688041859E-001
          93   1.090349263272140E-005        4.408013850915826
        4.535020818747094       -3.346921738916541   5.969857600412780E-001
  -7.867896911391594E-001
          94   1.511049091895521E-004       12.852580920939860
   7.661802423075124E-001  -1.060200185454638E-002  -7.027502278782261E-001
        1.329565640671155
          95  -7.274860557738737E-005        2.047122745181703
   6.161860124197657E-001  -4.268828925664032E-002       -1.244308360363641
       -2.019165105254190
          96   5.234234622359842E-005        4.198489419112168
   7.131449459591764E-001  -6.980986641623606E-002   9.032467928229850E-001
       -1.808678649100913
          97   7.413755438211991E-005        1.234243398814383
        2.332705462161630  -6.760437524688384E-002  -4.683037151631328E-002
       -1.245386834279503
          98  -2.626110833580324E-005        1.269625348105328
        5.118592591667479  -7.658008786013533E-001       -1.216657962155105
   5.253910956010156E-001
          99  -3.694566209089262E-014      661.756233365028500
   6.394571992653292E-001   1.734966381013071E-002  -7.162275341241876E-001
       -1.457564434481866
         100  -1.802891283452174E-005        3.923680425125235
        1.763763280143167   2.839525074027229E-002   8.466506881438837E-001
       -1.059695096001701
         101  -1.270699410452782E-009   4.721658808706194E-001
      436.643541329165200  -2.600472209130617E-001   5.395685204814047E-001
  -7.168182466829732E-001
         102  -8.982352785653555E-007   3.029612530546426E-001
       55.525725070694070  -3.009516587894196E-002       -1.597487000340156
   7.082448707723619E-001
         103   1.181085299299352E-004   2.902585075294107E-001
       10.715509159426720  -2.825545430903975E-001        1.465049420421918
  -6.985421660895748E-001
         104  -1.532369136483825E-004        2.298958713064664
        2.202327198925350       -1.451674073224770   7.733255410722647E-001
        1.030831174774377
         105  -3.738644798603279E-007        1.176685743397559
       36.295730924761630  -3.645320130606795E-002  -7.460411184036894E-001
   7.537025483610945E-001
         106   1.261685511366674E-005        1.708177292214526
        3.265673457021028  -2.269694693674264E-002        1.565192159449678
   8.823638588481872E-001
         107  -9.164343243190129E-004        1.250263802933399
        1.167821132471023  -5.749595380236983E-001        1.143615600525430
   9.090277802838861E-001
         108   1.981459086170493E-008      149.037047959402500
   3.265390593613235E-001  -2.677238352003990E-003  -7.292312441932788E-001
  -9.817066940695107E-001
         109   7.046269104697521E-008   4.997989587387282E-001
      695.543517334428900  -3.554637737103666E-003  -1.286478478737382E-001
  -7.005547268081260E-001
         110   4.012113747419022E-007       34.923979078556580
        2.018067884243105  -1.034681167650285E-001   6.903820779798719E-001
        1.807896869334131
         111  -4.314466690170739E-005        2.260591484601954
        1.945877979710735       -1.353910040719971        1.179773138231214
  -9.666033300872161E-001
         112  -1.393235773660484E-004   3.642743189992822E-001
        1.623544520401222  -4.625055216149126E-002   3.269457987304568E-002
       -1.533279275100282
         113   1.309302464428650E-005        8.362931139440377
        1.085657308181253  -7.996897120319300E-002   7.245151600655398E-001
        1.732140120484439
         114   1.482454214896404E-003   9.126200610607187E-001
        1.196311059744127   6.952086808544926E-002       -1.331396017793153
  -6.139673819951454E-001
         115   5.134014674931709E-005        2.743602891654005
        1.116832567081934  -4.900852422269581E-001        1.167566417617921
   6.685379426825615E-001
         116   2.939092687148120E-006      123.247536361778500
   4.933569434071792E-001  -1.065858891599984E-003   7.002626284963074E-001
       -1.441966289912395
         117   1.817890972495018E-007        3.493464513920879
      119.480662425449700  -1.006816528302282E-003   5.921947928826002E-001
  -6.987948703179321E-001
         118  -1.090069409845487E-006        6.978451383025834
        2.907780064588329       -1.561373452590005   6.866820147558207E-002
  -4.334365736749327E-001
         119  -2.744066268755965E-006   8.894967106579393E-002
        2.690654484426894  -8.720674024368776E-002        1.551845629112461
  -1.526281163440968E-001
         120   2.829495787057801E-004        1.988106825598947
   2.140656664546251E-001   6.886283622482863E-003        1.034559985053361
   4.849516436761298E-002
         121   4.145796331600786E-007       41.303204359032570
   1.109205197651335E-001  -1.981515264645240E-004   6.987836906364131E-001
  -3.149891580850025E-001
         122  -2.195318073891983E-005   2.069077148244955E-001
        4.701595767560423  -2.088828601614353E-001  -3.529396624515541E-002
       -1.041229923820685
         123   1.120537736144169E-005        2.746858592971379
        4.099460472911950  -9.318360298316194E-001  -3.655474380181227E-001
   9.179855797757702E-001
         124   1.697308641404635E-005       47.374058119350030
   8.152521162208831E-001  -3.481862191212555E-003  -7.006190579775751E-001
        1.142702640906557
         125   1.092177861387481E-006        1.183817889428034
      119.871583141425800   1.010370800807286E-003   4.977969625491268E-001
  -7.006946883819886E-001
         126  -3.920698165627279E-004   8.140226217248674E-001
   5.342014691923407E-001  -3.929607675742418E-001        1.887286029560557
        1.256481951647929
         127   4.474014923017833E-005   2.618343317871942E-001
        2.992338202570076   1.955645700465723E-003  -2.128217280433711E-001
   1.166505979506458E-001
         128   2.053972768320127E-005        2.493928610052833
        1.247221753835973  -9.728465984917916E-001       -1.813310576847200
   3.564264875844023E-001
         129  -3.019788324704359E-007       37.538457636136270
        1.268603088292107  -1.611083974316451E-002  -7.272499416495504E-001
       -1.189203241233088
         130   5.942763332485279E-007   4.258118270222166E-001
        7.997500663701212  -2.117640694558945E-003        1.290673763493991
   2.593039657365543E-001
         131  -1.172914687262735E-006        8.157241656825315
        4.119793041255292  -1.591553895562904E-003   9.173927362850607E-001
   3.630435569797017E-001
         132  -5.918046947094483E-007        1.183687233191871
       68.486462073159060       -1.183725849437907  -7.666986641503809E-001
   6.962069851415664E-001
         133   2.917711856039061E-004        1.132571164951949
   1.718826140801457E-001  -1.679447265880284E-002  -1.183531186238841E-001
       -1.871600028042960
         134   2.639363542085104E-007       48.966472446898040
   6.375854411688550E-001  -1.935791246133456E-002   7.263436322488803E-001
        1.131645644426854
         135   1.690104574718159E-005        6.056257201723221
   1.504871267183080E-001  -2.537486804780871E-003  -6.227754032283920E-001
        1.048113907095170
         136  -1.419463079056123E-005        2.076597982888855
        4.026077871683692   2.304016381671059E-004   1.287513073786176E-002
       -1.233010028731473
         137   5.672991695828820E-008      205.459751012343500
        2.996538703699451   1.914863983674403E-003  -7.004869937632647E-001
        1.023825990549575
         138   7.878096174435653E-008        1.263161113371865
      210.428686702506600  -4.324315620311761E-002   2.946757918436565E-001
  -7.006809643835325E-001
         139   9.643708887516710E-006        3.785455267092899
        2.999827058204163  -1.194778889729288E-003   4.853819336920653E-001
  -9.224916485873324E-001
         140   8.696657023138160E-008   2.027616477845853E-001
      164.937504872069700  -1.968247073947138E-001  -1.588242444829273E-001
   6.996111283836027E-001
         141   1.182540821594140E-005   2.760698192287234E-001
       28.044872194290160  -2.034515370559884E-002        1.708288823109179
  -7.025367355026286E-001
         142   3.889039787473273E-006        4.656579444992424
        3.362478605377180  -1.274937144993342E-001       -1.149785132049052
  -9.740888414081647E-001
         143  -3.529922009727176E-005        3.162916523962252
        1.505737515894188       -1.094106193589051  -6.580052724132363E-002
        1.935476379887863
         144  -2.762776141002261E-008      264.169338984356300
   9.995334451832816E-001     -264.166248627154100   4.085308820827555E-001
   8.050230062548613E-002
         145   1.024513131754842E-005        1.166867307220672
   8.413204810553497E-002  -6.097852210554104E-003  -9.843457371322284E-001
  -8.750637189614130E-002
         146  -2.742398097209501E-005   4.749596881273281E-001
   1.963768706609105E-001  -3.727875117729634E-001   1.091686193381113E-001
        1.072863456795716
         147  -1.969783855179893E-006        6.397649174965896
        1.095889688245847  -6.763997933997163E-003   1.481373638771264E-001
       -1.197132878409263
         148  -7.041494215875597E-006        3.255195186456051
        2.324528316391469       -3.255191669766939       -2.561276919248837
       -1.671209022403379
         149   2.798983499125174E-007        4.449949216923673
       80.936788836331160  -1.076096355764125E-003   8.571511396633240E-001
  -7.049353730115499E-001
         150  -5.900939382577197E-005   2.048978842936277E-001
        2.659347693734160  -2.083007639925905E-003   6.049546441725173E-001
       -1.286659621130182
         151  -1.689033388899735E-006        5.756229391511707
   2.425556045140928E-001  -1.023937357284771E-002  -1.014076721075786E-002
  -6.673553389628629E-001
         152   1.656872349621135E-005   1.431525757920192E-001
   1.231990857008089E-001  -5.669213067880474E-004        1.581624549296422
       -1.669208097513820
         153   2.747245533712294E-007      107.902556699907600
        2.201147594030709  -4.489850066148076E-002  -7.012199041877455E-001
       -2.222186287985717
         154  -1.301231868754137E-006   1.048720257195027E-001
       11.480555079086200  -8.616337754135894E-002  -1.376222276876356E-001
   5.478238898288472E-001
         155   4.655861479476385E-006   9.749324166289944E-001
        9.679465827273740  -8.568788652825440E-001        1.043203923444054
  -5.304109814982482E-001
         156  -5.401233991049618E-007       20.690934951789970
        2.631047978332464      -20.350781930721090  -7.584471427814983E-002
  -9.781947751879688E-001
         157  -5.709088146001371E-007   8.615844796636539E-001
        9.468696768198203  -4.344615973280136E-001        1.664365113696404
       -1.013913102089337
         158   1.395121854277015E-005   2.454708765365413E-001
        2.521004539612892  -1.251784211245557E-003  -3.625294195497158E-001
       -1.902411565511362
         159  -4.281677738364530E-006        3.180945336740099
        1.893576953791029  -7.166246457234389E-004        1.606183981832378
   4.951805750605079E-001
         160  -2.676161454268650E-007        8.144489332069838
       27.619296574121620  -1.549391293307654E-003  -5.794526411217741E-001
   6.894772643981233E-001
         161   2.329695396667027E-005        3.376933676248682
   4.960792799595060E-001  -3.832142018952362E-004  -3.085857800129854E-001
        1.544021752241938
         162   5.821161698133762E-006        1.303345713314217
        1.532832838254532  -5.716801229124464E-005       -1.779526769537786
   8.537098148040385E-002
         163   1.024798690908333E-005        1.205806695237573
        3.647812358463840  -8.638232999747654E-001       -1.547507135043025
  -3.017057381162906E-001
         164  -6.242471129954619E-006        5.271291745353250
   2.160956334908429E-001  -8.852856828031511E-003   2.486811356693778E-001
        2.372017198779379
         165   7.253229575753020E-006        3.169141557555228
        9.953971198899197  -7.999845837835136E-005  -7.120912331744159E-001
   6.581207584887949E-001
         166  -2.183773337895457E-006       10.606429979632970
        3.116292073533540  -1.878604894926603E-002   7.565854015866704E-001
   2.550328477040512E-001
         167  -2.459625304247195E-005        1.421449090176634
   2.060344353541016E-001  -3.050822763987034E-002       -2.085956954641878
        1.520506315672380
         168  -4.845180637589588E-006        5.638607418312829
        1.212181638555788  -2.738967618735400E-001        1.226515145553726
        1.811972586828928
         169   1.303559550661272E-006       29.915698822196080
        8.924857172490297  -8.132027045929006E-004  -7.052509626637323E-001
   6.225937503490988E-001
         170   4.203935440343413E-005        3.991243160063411
   4.126940091324406E-001  -1.414620039581669E-002  -9.033814788883260E-001
        2.111712970022125
         171   2.655956242533786E-006        5.203697078236246
   3.800860491240585E-001  -1.935032626181987E-002       -1.345718427371309
   6.875707426644999E-001
         172  -7.922186531037059E-006   1.417801079513622E-001
        3.755501524159760  -1.417702787613836E-001        2.513698138112647
  -4.559763787212236E-001
         173  -9.188175195489173E-007        6.559901036455456
   8.198209488681919E-001  -1.041090711932936E-001  -3.322617149573449E-001
   2.954632148079783E-001
         174  -1.316501303079507E-006        9.593143073308561
        2.024683891487471       -9.144892829936095        1.193509377264822
        1.565100721066362
         175   7.783936472698484E-007   2.324978322937376E-001
       86.260566798156600  -2.324616563894858E-001        1.668431476322584
  -7.027362590758824E-001
         176  -6.070616529654032E-006        7.659585487200435
   6.359942775541899E-001  -1.932397091586499E-005  -9.251459036167490E-001
        1.141912679780673
         177  -1.282367467133594E-006        1.227909003953776
       16.718100958728740  -4.022052721338981E-001   6.462009478080238E-001
  -5.782658831720753E-001
         178  -3.647405611814997E-006        1.068914413633704
        8.140022390946196  -5.395257654150011E-004        1.559377996253048
   5.441785478473005E-001
         179   1.585127439937727E-006       10.076695466357780
        2.035119022151867  -1.650341716666386E-005  -4.563108461088414E-001
   3.748006087219957E-001
         180   1.866123290230481E-006        2.573703573348334
       14.026985697582750  -7.616015827813369E-001        1.637824927566373
  -7.647079994196124E-001
         181  -6.041535872289553E-005   8.998084009187402E-001
        1.274987055518757  -1.577239060318823E-001   2.973504599075116E-001
       -2.211760876230062
         182  -1.754509485798393E-004   9.633995793901450E-001
        1.954117965634207  -7.055026626856821E-001       -2.309377826863904
   5.501538692165002E-001
         183   2.689975456390466E-005        2.147619835973469
        3.180587260855110  -1.602566635677638E-002   6.399133573133947E-001
        1.002707956336539
         184   2.845450351456448E-006        9.637744000574461
   1.507515496833044E-001  -2.220701729438498E-003        1.009183200797658
        1.231194512263632
         185   1.059079808429770E-005        2.899048844080693
        2.999998047834203       -2.877331351171284       -1.459800702506078
        1.266326345104771
         186   8.680526111256814E-005   6.496086043204199E-001
        3.076825614831999  -7.459532197780310E-002  -3.611383195866467E-001
  -2.436598585300956E-001
         187  -9.302526253352878E-006        1.870485805825359
   2.462220400643544E-001       -1.870484592145935   8.004152148899195E-001
  -2.224520024538105E-001
         188   8.070908080153819E-006   1.828897777160647E-001
        6.430698684659674  -1.828762752173368E-001        1.041804074929302
        1.219725981049866
         189   2.637746435453311E-005   3.950365928930462E-001
        3.062648887337788  -4.164102320789483E-004        1.816036884032559
   4.074378179938881E-001
         190  -8.951958866678297E-008       67.594310803160110
   3.943644235493649E-001      -67.594279682117200        1.922379319212917
  -4.310826183515149E-001
         191  -4.268065332841331E-006   2.902132874727266E-001
        7.060025747082340  -2.701921925498565E-004        1.545073687928273
       -1.208577841162220
         192  -3.083322323842264E-004   4.301173627023479E-001
        1.148861687330995  -4.300623215793933E-001        1.132624351343744
  -8.425401092716306E-001
         193   3.218695154555830E-005        1.631214513162428
   5.891774040721262E-001  -1.888195539282809E-001        1.850577119269904
        1.774981438026716
         194   2.128200889753224E-006        9.007058521320641
        3.755592064773470       -8.430910537236205       -1.154703161172384
        1.288256910317796
         195  -1.763867332522315E-005        4.767884606804787
   5.447142036155059E-001  -6.305251285445424E-002   1.758937388483540E-001
        1.803405991326108
         196   2.941842842695397E-006        4.733735424161258
       10.299145798820260       -1.312602829065658   4.695621975719253E-001
   7.019099965564647E-001
         197   8.604867374891172E-005   8.870823397636647E-001
   1.527354422015457E-001  -3.110179894785167E-004        1.035011133805620
        1.802047939057548
         198   1.482334669506487E-005        2.165442189740156
        2.225754590093604  -5.521647978176013E-001       -1.250543501527977
        1.829877038223233
         199   2.950932281568842E-005        1.009742526178793
   5.158328405293828E-001       -1.009731595456319  -7.296736046620262E-001
        2.118009702955011
         200   2.299342785789475E-005        2.881605852010050
        2.288386168308828  -2.922322849223709E-003   8.720735561224841E-001
  -4.731247925882420E-002
         201   1.725957185708097E-006   1.117909295093793E-001
       10.376406137028430  -2.190037651347739E-002        1.103269999365518
  -7.599761330852315E-001
         202   2.172775101437803E-006        4.162813860192111
   2.559453814926155E-001       -4.162687713698065       -1.300259541571380
   1.231194791702840E-001
         203  -8.618002045418635E-006        1.619530397675164
        2.314626268234169  -3.291200713605760E-001  -7.352600932085895E-002
       -2.478858243309309
         204   6.084512730574431E-005   1.911691033634395E-001
        3.280592033710703  -3.314857482422445E-002        1.296602509639998
  -6.060524911042823E-001
         205  -1.121504743779476E-005        2.499426307615659
        3.003645883537099       -1.594470439460358   1.936641049709498E-001
       -1.265041665946930
         206   8.533712511745589E-006        3.845267991660290
   3.901619809522520E-001  -5.336857008262864E-005       -1.506128546810565
        1.587653147354133
 :END:
 
