      LinCoeff:.   AA1:        AA2:        B12:        RZ1:       RZ2:
 FNC: ======================================================================
  1   .1202D+00   .4761D+00   .2786D+00  -.7528D-02   .5081D+00  -.6470D+00
  2   .1081D+00   .6738D+00   .3353D+00  -.1192D-01   .5397D+00   .4414D+00
  3   .3984D-01   .5770D+00   .1011D+01  -.3422D-01   .6333D+00  -.3310D+00
  4  -.6401D-01   .2358D+00   .4687D+00   .1279D+00  -.1144D+00  -.5308D+00
  5   .7010D-01   .8134D+00   .1352D+00  -.1316D-02   .6185D+00  -.5523D+00
  6   .3429D-01   .1695D+00   .1160D+01  -.1184D-01  -.7149D+00  -.3607D+00
  7   .4862D-02   .2464D+01   .3331D+00  -.3349D-01  -.1017D+00  -.6070D+00
  8  -.3679D-01   .1233D+01   .4562D+00   .1922D+00  -.6220D+00  -.2576D+00
  9   .5249D-01   .6328D+00   .1501D+01   .1136D-01   .4585D+00   .6285D+00
 10   .2603D-01   .9872D+00   .2303D+01  -.1350D-01  -.6474D+00   .6803D+00
 11  -.5139D-02   .1671D+01   .7844D+00   .1048D+01   .5757D+00   .1362D+00
 12   .1263D-03   .6912D+00   .3057D+03  -.1069D+00   .2185D+00  -.7008D+00
 13   .8080D-02   .1658D+00   .1005D+02   .1270D-02  -.1535D+00  -.6906D+00
 14   .5475D-02   .1690D+01   .4303D+01  -.1851D+00  -.6416D+00  -.6682D+00
 15  -.1305D-02   .1121D+01   .7589D+00   .4935D+01   .3168D+00   .6477D+00
 16   .1037D-02   .2987D+00   .7698D+02  -.6055D-01   .2146D+00  -.6977D+00
 17   .4334D-02   .5614D+01   .2468D+01  -.2395D-01   .6873D+00  -.6705D+00
 18   .5305D-01   .1906D+01   .2404D+00  -.9501D-02   .6480D+00  -.5091D+00
 19  -.4152D-04  -.8621D+00   .2351D+01   .1426D+03   .1069D+01   .6985D+00
 20   .3303D-02   .1076D+01   .1284D+02  -.1523D-01   .6821D+00  -.6919D+00
 21   .1671D-01   .3258D+00   .3787D+01  -.3848D-01  -.6177D+00  -.6758D+00
 22   .3096D-02   .6919D+00   .1135D+02  -.1131D+00  -.6876D+00  -.6850D+00
 23  -.3816D-02   .5387D+00   .2799D+00   .2031D+01   .1931D+00   .8248D+00
 24   .8090D-03   .1221D+01   .5455D+02  -.1359D-01  -.6497D+00   .6985D+00
 25   .6037D-03   .5707D+01   .2205D+02  -.2224D-01   .6821D+00  -.6997D+00
 26   .9345D-01   .1766D+00   .3376D+00  -.1052D-01   .3800D+00   .4937D+00
 27  -.8752D-04   .1044D+00   .3722D+01   .3796D+02   .1089D+01  -.5140D+00
 28   .3234D-05   .4027D+04  -.1256D-01   .6100D+00  -.6993D+00   .7202D+00
 29   .1807D-01   .5042D+01   .4423D+00  -.1087D-01   .6795D+00  -.6170D+00
 30   .4868D-01   .1017D+01   .4640D+00   .2491D-02  -.7709D+00   .6220D+00
 31   .6452D-02   .1234D+00   .4369D+01   .2138D-01  -.1175D+01   .7218D+00
 32   .4602D-04   .1445D+03   .5773D+01  -.2952D+01  -.7013D+00  -.6851D+00
 33   .8387D-04   .6185D+03  -.2250D+00   .4635D+00   .7016D+00   .1846D+01
 34  -.1565D-05   .1523D+01   .2932D+00   .1756D+04  -.6220D+00   .5396D-01
 35  -.5098D-03   .1321D+01   .5916D+01   .4209D+01  -.4235D+00  -.6516D+00
 36  -.1007D-03   .6869D+00  -.1151D-01   .3804D+02   .3616D+00  -.1704D+00
 37   .1454D-03   .1764D+03   .7807D-01   .3791D+00  -.6971D+00  -.1613D+01
 38   .3505D-03   .2546D+02   .3180D+01  -.8352D+00   .6918D+00   .6879D+00
 39   .1989D-03   .1899D+00   .5365D+02   .1444D-01  -.8386D+00  -.7114D+00
 40   .1414D-04   .2754D+01   .9005D+03  -.9846D-01  -.6953D+00   .7004D+00
 41   .2676D-02   .1519D+01   .2121D+01  -.1333D+00  -.6686D+00  -.5890D-02
 42   .4442D-01   .5267D+00   .8145D-01  -.3837D-02  -.4720D+00  -.3948D+00
 43   .1332D-01   .3273D+01   .1015D+00  -.2601D-03   .5940D+00   .1353D+00
 44  -.1241D-01   .6583D+00   .4339D+00   .4809D+00  -.6765D-02   .7001D+00
 45  -.6970D-04   .1974D+00   .1777D+01   .1951D+01  -.4762D+00   .1250D+01
 46   .1205D-05   .7590D+02   .5473D+00   .2576D+02   .7193D+00   .1178D+01
 47   .6707D-01   .2485D+00   .1417D+00  -.9204D-03   .4471D+00  -.7714D+00
 48   .1385D-05  -.4850D-01   .1787D+02   .3340D+00  -.1589D+01   .3078D+00
 49   .2033D-03   .8941D-01   .2028D+03   .3116D-01   .5113D+00  -.7015D+00
 50   .1383D-01   .1590D+01   .1439D+00   .4986D-02   .8288D+00   .7923D+00
 51   .4180D-02   .3360D+00   .2092D+02   .7398D-02  -.6368D+00   .6985D+00
 52  -.2744D-01   .2096D+00   .1313D+00   .6726D-01   .1714D+00  -.6332D+00
 53  -.3760D-03   .7463D+00   .6254D+00   .1498D+02   .2942D+00  -.1319D+01
 54  -.4936D-05  -.8669D-01   .8777D+00   .5914D+03  -.1615D+01   .1330D+00
 55  -.4336D-02   .1663D+00   .2520D+00   .6895D+00  -.8287D+00   .5552D-01
 56  -.2575D-05   .1535D+00   .1058D+02   .5957D+03   .2103D+01  -.6859D+00
 57   .1571D-02   .1020D+00   .3100D+02  -.6651D-02   .2443D+00  -.6977D+00
 58  -.6108D-05   .3645D+02   .2502D+03   .3021D-01  -.7004D+00   .7132D+00
 59   .2581D-03   .8588D+01   .9507D+01  -.4239D+00  -.6382D+00  -.7098D+00
 60   .2290D-04   .2246D+02   .1493D+03   .1586D+01   .8014D+00  -.7261D+00
 61   .2268D-01   .1768D+00   .8219D-01  -.5717D-02   .4794D+00   .1227D+00
 62   .6449D-03   .4379D+02   .8561D+00  -.2699D+00  -.6987D+00  -.5138D+00
 63   .1360D-02   .7930D+01   .1072D+01  -.1859D+00  -.6948D+00   .6161D-01
 64   .6114D-05   .1976D+04  -.1337D+00   .9846D+00  -.6993D+00  -.1310D+01
 65   .2673D-02   .5500D+00   .2732D+00  -.1620D-01   .1535D+01   .4348D+00
 66   .2226D-02   .7591D+01   .7392D-01  -.2380D-02  -.7118D+00  -.5764D+00
 67   .3209D-11   .2590D+00   .5147D+06   .5326D-02   .1249D+01  -.8150D+00
 68  -.3703D-04   .1140D+01   .4830D+01  -.5921D-01   .1706D+01  -.9888D+00
 69  -.4170D-03   .8828D-01   .4080D+00   .7237D+01   .1474D+01   .1652D+00
 70  -.5587D-04   .4510D+00   .5619D+01   .2081D+02  -.1084D+01   .9017D+00
 71  -.2944D-04   .1094D+01   .2235D+02   .1395D+02   .4254D+00  -.7047D+00
 72  -.1511D-02   .3097D+00   .3787D+01   .8777D+00   .2222D+00   .6968D+00
 73   .1382D-01   .1580D+01   .6571D-01  -.6391D-03   .6005D+00  -.2785D+00
 74   .1263D-10   .2630D+00   .2567D+06   .4715D-01  -.3769D+00   .8109D+00
 75   .1473D-04   .2949D+04   .7468D-01   .6729D-01   .7004D+00  -.1269D+01
 76  -.8759D-05   .6720D+01   .1527D+02   .7991D+02   .7020D+00   .6904D+00
 77   .4878D-04   .2447D+03   .2798D+01   .5658D+00  -.7040D+00   .9119D+00
 78   .1613D-02   .6264D-01   .4866D+00   .2590D-02   .8037D+00  -.1503D+01
 79   .8041D-03   .1637D+00   .2930D+02   .5204D-01  -.1196D+01  -.6877D+00
 80  -.3157D-06   .8549D+00   .6945D+00   .8850D+04   .1189D+01  -.3671D+00
 81   .2666D-04   .7507D-01   .7801D+03   .1015D+00   .1891D+01   .6976D+00
 82  -.7246D-11   .1669D+06  -.5535D+01   .5824D+01  -.7024D+00   .1773D+00
 83   .1995D-02   .2303D+00   .9487D+01  -.7306D-01   .5316D+00  -.6583D+00
 84  -.1483D-06  -.3714D-01   .1190D+06   .2235D+00  -.8237D-01   .7009D+00
 85   .4016D-02   .3553D+00   .3762D-01   .8580D-02   .4139D+00  -.2294D+01
 86   .8140D-05   .5857D-01   .7279D+03   .1957D+01   .1486D+01  -.7000D+00
 87   .5629D-06  -.7770D-01   .8464D+05   .2848D+00  -.1954D+01  -.7006D+00
 88   .1199D-06   .2254D+05  -.3625D+00   .5541D+00   .7038D+00  -.1889D+00
 89  -.2132D-06   .6266D+01   .1095D+02   .8636D+01   .1021D+01  -.8175D+00
 90  -.2639D-05   .3575D+00  -.1973D+00   .1448D+03  -.6421D+00  -.1144D+01
 91   .6108D-05   .4922D+02   .7913D+02   .2907D-01   .7422D+00   .6697D+00
 92   .4848D-04   .9709D+01   .1361D+01  -.1699D-01   .1334D+00  -.7722D+00
 93   .1063D-04   .4672D+01   .1702D+02   .1475D+02   .5968D+00  -.7858D+00
 94   .1503D-03   .1650D+03   .4617D+00   .1371D+00  -.7024D+00   .1328D+01
 95  -.7316D-04   .4102D+01   .2930D+00   .8492D-01  -.1243D+01  -.2020D+01
 96   .7857D-04   .1739D+02   .2946D+00   .2226D+00   .9017D+00  -.1809D+01
 97   .7668D-04   .1429D+01   .5353D+01   .8833D-01  -.4874D-01  -.1241D+01
 98  -.3446D-04   .6344D+00   .2581D+02   .9742D+00  -.1216D+01   .5304D+00
 99   .2326D-11   .4379D+06   .1189D+02  -.1148D+02  -.7162D+00  -.1458D+01
100  -.1902D-04   .1551D+02   .3225D+01  -.1147D+00   .8454D+00  -.1060D+01
101  -.5835D-09   .1002D+00   .1907D+06   .1228D+00   .5396D+00  -.7169D+00
102  -.2132D-05   .8254D-01   .3083D+04   .9060D-02  -.1598D+01   .6977D+00
103   .1118D-03  -.4436D-02   .1148D+03   .7735D-01   .1465D+01  -.6949D+00
104  -.1502D-03   .1934D+01   .3595D+01   .3332D+01   .7694D+00   .1023D+01
105  -.4726D-06   .1342D+01   .1317D+04   .4295D-01  -.7460D+00   .7538D+00
106   .8641D-05   .2879D+01   .1062D+02   .3890D-01   .1565D+01   .8814D+00
107  -.9704D-03   .8210D+00   .9723D+00   .7257D+00   .1139D+01   .9091D+00
108  -.2024D-08   .2221D+05  -.3099D+00   .4165D+00  -.7295D+00  -.9817D+00
109   .7209D-07   .2486D+00   .4838D+06   .1652D-02  -.1284D+00  -.7006D+00
110  -.1591D-07   .1216D+04   .5039D+00   .3580D+01   .6904D+00   .1808D+01
111  -.5309D-04   .2050D+01   .2556D+01   .3060D+01   .1180D+01  -.9667D+00
112  -.2004D-03   .1087D+00   .2625D+01   .1738D-01   .3167D-01  -.1531D+01
113   .2539D-04   .6921D+02   .4525D+00   .7336D+00   .7177D+00   .1732D+01
114   .1725D-02   .9102D+00   .1466D+01  -.6257D-01  -.1322D+01  -.6142D+00
115   .5262D-04   .6183D+01   .1482D+00   .1340D+01   .1169D+01   .6685D+00
116   .2872D-05   .1519D+05   .1181D+00   .1271D+00   .7005D+00  -.1442D+01
117   .1573D-06   .1220D+02   .1428D+05   .3423D-02   .5923D+00  -.6978D+00
118  -.8404D-06   .3780D+02  -.3038D-02   .1090D+02   .6880D-01  -.4334D+00
119  -.1832D-05   .1913D-03   .7239D+01   .7786D-02   .1552D+01  -.1525D+00
120   .7576D-03   .3967D+01   .8781D-01  -.2365D-01   .1023D+01   .4952D-01
121   .4723D-06   .1706D+04  -.7129D-02   .2001D-01   .6999D+00  -.3150D+00
122  -.2346D-04  -.1494D-03   .2210D+02   .4331D-01  -.3529D-01  -.1041D+01
123   .7380D-05   .4985D+01   .1512D+02   .2560D+01  -.3653D+00   .9175D+00
124   .1667D-04   .2244D+04   .5020D+00   .1577D+00  -.7006D+00   .1142D+01
125   .1125D-05   .1403D+01   .1437D+05  -.2772D-02   .4991D+00  -.7010D+00
126  -.4934D-03   .3326D+00   .1419D+00   .3148D+00   .1887D+01   .1256D+01
127   .3179D-04   .7212D-01   .8950D+01  -.5575D-03  -.2130D+00   .1167D+00
128   .2269D-04   .3788D+01   .9773D-01   .2419D+01  -.1811D+01   .3565D+00
129  -.6007D-07   .1409D+04   .1005D+01   .6042D+00  -.7282D+00  -.1189D+01
130   .1858D-06   .1804D+00   .6396D+02   .9388D-03   .1291D+01   .2581D+00
131  -.1039D-05   .6653D+02   .1696D+02   .1270D-01   .9181D+00   .3631D+00
132  -.9856D-06   .3445D-03   .4690D+04   .1401D+01  -.7667D+00   .6942D+00
133   .3471D-03   .1276D+01   .2181D-01   .1121D-01  -.1206D+00  -.1872D+01
134   .4671D-06   .2397D+04  -.5966D+00   .1004D+01   .7245D+00   .1132D+01
135   .7955D-05   .3657D+02  -.7999D-01   .1058D+00  -.6233D+00   .1048D+01
136  -.1547D-04   .4310D+01   .1621D+02   .4280D-03   .1262D-01  -.1231D+01
137   .5246D-07   .4221D+05   .9746D+01  -.7674D+00  -.7008D+00   .1024D+01
138   .9484D-07   .1541D+01   .4428D+05   .5450D-01   .2948D+00  -.7006D+00
139   .9222D-05   .1432D+02   .8993D+01   .5378D-02   .4871D+00  -.9212D+00
140   .1529D-07   .1227D-02   .2720D+05   .3992D-01  -.1588D+00   .7018D+00
141   .1368D-04   .7250D-01   .7865D+03   .7640D-02   .1708D+01  -.7017D+00
142   .2128D-05   .2109D+02   .1073D+02   .5940D+00  -.1150D+01  -.9740D+00
143  -.3865D-04   .6538D+01   .6218D-02   .3463D+01  -.6477D-01   .1935D+01
144  -.2869D-07   .1043D+01  -.4374D-01   .6978D+05   .4085D+00   .8050D-01
145   .7712D-05   .1355D+01   .7024D-03   .6479D-02  -.9843D+00  -.8751D-01
146  -.4273D-04   .5166D-01   .9728D-03   .1766D+00   .1092D+00   .1073D+01
147  -.1232D-05   .4089D+02   .1159D+01   .4177D-01   .1475D+00  -.1197D+01
148  -.6343D-05   .5263D-03   .5402D+01   .1060D+02  -.2561D+01  -.1671D+01
149   .2981D-06   .1980D+02   .6551D+04   .6520D-02   .8561D+00  -.6982D+00
150  -.8630D-04   .3893D-01   .7064D+01   .3338D-03   .6050D+00  -.1282D+01
151  -.5331D-06   .3308D+02   .1803D-03   .5865D-01  -.1011D-01  -.6674D+00
152   .2774D-04   .2087D-01   .1557D-01   .5461D-03   .1582D+01  -.1669D+01
153   .3306D-06   .1164D+05   .6318D+00   .4215D+01  -.6996D+00  -.2222D+01
154  -.8536D-06   .2007D-02   .1318D+03   .9066D-02  -.1376D+00   .5476D+00
155   .5097D-05   .1158D+00   .9359D+02   .8351D+00   .1043D+01  -.5298D+00
156  -.6136D-06   .7012D+01   .2583D-01   .4211D+03  -.7608D-01  -.9782D+00
157  -.1256D-05   .3679D+00   .8947D+02   .3744D+00   .1664D+01  -.1014D+01
158   .2295D-04   .6003D-01   .6353D+01   .3380D-03  -.3625D+00  -.1904D+01
159  -.3954D-05   .1012D+02   .3584D+01   .1680D-02   .1606D+01   .4950D+00
160  -.6056D-06   .6632D+02   .7628D+03   .1353D-01  -.5785D+00   .6929D+00
161   .5950D-04   .1139D+02   .2401D+00   .5102D-02  -.3072D+00   .1544D+01
162   .8817D-05   .1698D+01   .2350D+01  -.4751D-04  -.1780D+01   .8557D-01
163   .7054D-05   .4121D+00   .1301D+02   .1041D+01  -.1548D+01  -.3019D+00
164  -.9496D-06   .2773D+02  -.4945D-02   .5191D-01   .2495D+00   .2372D+01
165   .1881D-04   .1004D+02   .9908D+02  -.1384D-02  -.7112D+00   .6759D+00
166  -.2256D-05   .1123D+03   .9512D+01   .1999D+00   .7536D+00   .2550D+00
167  -.2708D-04   .1983D+01   .8539D-02   .3448D-01  -.2087D+01   .1521D+01
168  -.4839D-05   .3024D+02  -.4151D-02   .1548D+01   .1226D+01   .1812D+01
169   .1386D-05   .8950D+03   .7970D+02  -.5294D-01  -.6914D+00   .6290D+00
170   .4910D-04   .1583D+02   .7367D-01   .9871D-01  -.8949D+00   .2112D+01
171   .3361D-05   .2697D+02   .3991D-01   .1048D+00  -.1344D+01   .6876D+00
172  -.2195D-04   .1904D-02   .1410D+02   .2076D-01   .2514D+01  -.4571D+00
173   .4477D-06   .4235D+02  -.1825D-02   .6846D+00  -.3326D+00   .2955D+00
174  -.1887D-05   .4309D+01  -.8642D-02   .8773D+02   .1193D+01   .1565D+01
175   .1087D-05   .7979D-03   .7441D+04   .5472D-01   .1668D+01  -.6993D+00
176  -.7606D-05   .5866D+02   .4004D+00   .3681D-02  -.9231D+00   .1142D+01
177  -.1423D-05   .1014D+01   .2792D+03   .4938D+00   .6463D+00  -.5761D+00
178  -.3766D-05   .1142D+01   .6626D+02   .5586D-03   .1559D+01   .5428D+00
179   .2227D-05   .1015D+03   .4144D+01  -.2516D-02  -.4564D+00   .3749D+00
180   .2416D-05   .4663D+01   .1954D+03   .1960D+01   .1638D+01  -.7633D+00
181  -.9658D-04   .6638D+00   .1506D+01   .1457D+00   .2959D+00  -.2212D+01
182  -.3496D-03   .2437D+00   .3633D+01   .6766D+00  -.2309D+01   .5512D+00
183   .3872D-04   .4576D+01   .1008D+02   .3549D-01   .6423D+00   .1001D+01
184   .3638D-05   .9284D+02  -.1800D-01   .4107D-01   .1007D+01   .1231D+01
185   .8939D-05   .7785D-01   .8922D+01   .8341D+01  -.1460D+01   .1265D+01
186   .1636D-03   .3767D+00   .9422D+01   .4795D-01  -.3622D+00  -.2634D+00
187  -.1465D-04   .1124D-02   .6231D-01   .3499D+01   .8004D+00  -.2224D+00
188   .7596D-05   .2599D-03   .4135D+02   .3369D-01   .1042D+01   .1219D+01
189   .6967D-04   .1538D+00   .9378D+01   .9480D-03   .1816D+01   .4121D+00
190  -.8995D-07   .2853D-01   .1273D+00   .4569D+04   .1922D+01  -.4311D+00
191  -.3238D-05   .8435D-01   .4984D+02  -.8738D-05   .1545D+01  -.1208D+01
192  -.1911D-02   .1735D-01   .1344D+01   .1823D+00   .1133D+01  -.8226D+00
193   .4340D-04   .2352D+01   .6916D-01   .3098D+00   .1849D+01   .1775D+01
194   .2317D-05   .5203D+01   .9232D+01   .7594D+02  -.1155D+01   .1288D+01
195  -.3105D-04   .2237D+02  -.5250D-01   .3541D+00   .1736D+00   .1803D+01
196   .2517D-05   .1619D+02   .1016D+03   .6214D+01   .4706D+00   .7047D+00
197   .2642D-03   .7926D+00   .2053D-01   .4113D-02   .1034D+01   .1802D+01
198   .2072D-04   .3493D+01   .4056D+01   .1198D+01  -.1251D+01   .1829D+01
199   .3910D-04   .5944D-03   .2665D+00   .1018D+01  -.7297D+00   .2118D+01
200   .3125D-04   .8291D+01   .5222D+01   .1215D-01   .8691D+00  -.4530D-01
201   .2727D-05   .1067D-01   .1077D+03   .2495D-02   .1103D+01  -.7570D+00
202   .1032D-05   .9017D-03   .6464D-01   .1733D+02  -.1300D+01   .1231D+00
203  -.6774D-05   .2090D+01   .4932D+01   .5327D+00  -.7357D-01  -.2479D+01
204   .3035D-03   .3210D-01   .1076D+02   .5617D-02   .1297D+01  -.6260D+00
205  -.1094D-04   .2265D+01   .7579D+01   .3984D+01   .1942D+00  -.1265D+01
206   .6444D-05   .1479D+02   .1615D+00  -.9729D-02  -.1504D+01   .1588D+01
 ---------------------------------------------------------------------------
 ENERGY=      -1.174475157600576   --->   ||g||^2 =   6.792688865006746E-007
 
 :BEGIN:
         206
           1   1.201934709291351E-001   6.845428570901897E-001
   5.205392505366903E-001   1.099752963940061E-002   5.080961829130188E-001
  -6.470167857867639E-001
           2   1.080773110422267E-001   8.135514577332478E-001
   5.684512768180213E-001   1.464873228260869E-002   5.396801409418054E-001
   4.414186687442142E-001
           3   3.983610522124105E-002   7.367565941094385E-001
   9.871311312525621E-001   4.644977126722190E-002   6.332656248200166E-001
  -3.309570020518499E-001
           4  -6.400621098499881E-002   6.031332136767091E-001
   7.427393719200796E-001  -2.121149690198005E-001  -1.144456510479308E-001
  -5.307991192155377E-001
           5   7.010254313976262E-002   9.011578188198338E-001
   3.658377775022526E-001   1.460050857448616E-003   6.185307742466227E-001
  -5.523212430043630E-001
           6   3.429227144843520E-002   3.970955565460134E-001
        1.071035471053922   2.980625817961124E-002  -7.149329486390207E-001
  -3.607111435469079E-001
           7   4.861752749116367E-003        1.559153065945321
   5.469621976594080E-001   2.148281337507108E-002  -1.016712107559017E-001
  -6.070126888836970E-001
           8  -3.679125885497614E-002        1.193628836388984
   7.889415503862399E-001  -1.609901277860420E-001  -6.220055287358145E-001
  -2.575783536771986E-001
           9   5.249155016608118E-002   8.026214132198635E-001
        1.229794846009993  -1.415177550058533E-002   4.585471237748068E-001
   6.284856599035580E-001
          10   2.602755319629283E-002   9.867776815920548E-001
        1.513120069501938   1.368377427516907E-002  -6.474496137500928E-001
   6.802790569724597E-001
          11  -5.138507076952913E-003        1.648842507545127
        1.195132822234524  -6.355187433975765E-001   5.756941417709089E-001
   1.361715053312996E-001
          12   1.262731483354756E-004   7.643915680596010E-001
       17.479565312075990   1.398100709494405E-001   2.184716443962141E-001
  -7.007807208244239E-001
          13   8.080486210491102E-003   4.087428011614005E-001
        3.170990264036939  -3.108151614902774E-003  -1.535413653911642E-001
  -6.906134580640958E-001
          14   5.474824428499807E-003        1.226818236963583
        2.023689977770198   1.509133101297362E-001  -6.415850649142578E-001
  -6.681948591090928E-001
          15  -1.304713676081177E-003        2.461068317944013
        1.293341614219492       -2.005400706400286   3.167834732470379E-001
   6.477026926082715E-001
          16   1.037189722593398E-003   4.879656422472616E-001
        8.769532018497458   1.240836171532092E-001   2.146305059946925E-001
  -6.977401020910936E-001
          17   4.334338777622208E-003        2.364231664857642
        1.563314534499459   1.013162574515331E-002   6.873413041147929E-001
  -6.705108154839978E-001
          18   5.305262148096045E-002        1.377244412432952
   4.805122400504279E-001   6.898375177084303E-003   6.479582451217828E-001
  -5.090702543649719E-001
          19  -4.152150009979755E-005       11.905512872970540
        1.217864742481774      -11.977927840850350        1.068528336494513
   6.985169013702595E-001
          20   3.302730829729640E-003        1.030007169112584
        3.581555071194654   1.478593538122496E-002   6.821164399288286E-001
  -6.918654882516478E-001
          21   1.671238418655537E-002   5.360317087349833E-001
        1.934873813563281   7.178313945199537E-002  -6.176550450660133E-001
  -6.757977462669911E-001
          22   3.096233985981250E-003   7.607777339105039E-001
        3.348282829549086   1.487029189336241E-001  -6.875660875837669E-001
  -6.849615389045836E-001
          23  -3.815852463699889E-003        1.603128552448226
   8.400354561743805E-001       -1.267092893874664   1.931089554196442E-001
   8.247942250273466E-001
          24   8.090284617542437E-004        1.098875648595190
        7.384667176354834   1.236615507916154E-002  -6.497189736790620E-001
   6.985386738176619E-001
          25   6.037473478728156E-004        2.384272608357718
        4.693047869978379   9.326779359486292E-003   6.820954746946921E-001
  -6.996808722220979E-001
          26   9.345010303809848E-002   4.075641068581807E-001
   5.713374712273339E-001   2.580950210525525E-002   3.799953769795134E-001
   4.937074400685688E-001
          27  -8.751954808320083E-005        6.169548787597986
        1.956093527353625       -6.152627233225367        1.088873042916583
  -5.140256144826495E-001
          28   3.233716831728901E-006       63.461623879251610
   7.728677667925690E-001  -9.611760312923635E-003  -6.993160581353487E-001
   7.202034261882331E-001
          29   1.806761839943651E-002        2.243074513594223
   6.567865781567502E-001   4.844199169560731E-003   6.794817871642499E-001
  -6.169511745860313E-001
          30   4.868261189319498E-002        1.009455727699317
   6.830049429276809E-001  -2.467436453028273E-003  -7.709439268329531E-001
   6.220235138498931E-001
          31   6.452163491413422E-003   3.805248442035912E-001
        2.094596072211547  -5.618881310075608E-002       -1.174753092557208
   7.218206937058371E-001
          32   4.601752641435701E-005       11.898846968791150
        1.660960558836069   2.481068130153497E-001  -7.013040927781681E-001
  -6.851224311739707E-001
          33   8.387075828021344E-005       24.879772575121330
   4.879532727663169E-001  -1.862897186487788E-002   7.015505360660567E-001
        1.846316968448747
          34  -1.565278785023606E-006       41.921980102767370
        1.347135441223979      -41.885653963258730  -6.219978954478928E-001
   5.395834563935708E-002
          35  -5.097649428658409E-004        2.351526858291252
        2.630966738926964       -1.789702333379121  -4.234912437959166E-001
  -6.515807373222217E-001
          36  -1.006558219730888E-004        6.223411810171103
   8.143953152534613E-001       -6.113032957934416   3.615655693408841E-001
  -1.704123717493568E-001
          37   1.453959249040460E-004       13.297442246256820
   6.755539590849481E-001  -2.851072401316701E-002  -6.971204049939448E-001
       -1.613019051767831
          38   3.504900194085326E-004        4.962450186797111
        1.522095023747609   1.683002162339217E-001   6.918204344184891E-001
   6.878787535068996E-001
          39   1.989402573675884E-004   4.520532108037630E-001
        7.325707128419277  -3.193733512275081E-002  -8.386063364178813E-001
  -7.114145557600893E-001
          40   1.413924783611382E-005        1.629721074224768
       30.006106238388460   6.041777739369948E-002  -6.952537505119548E-001
   7.004403597356415E-001
          41   2.675774783983219E-003        1.177335633531384
        1.405225118613663   1.132545508759280E-001  -6.686447763044591E-001
  -5.889531953492517E-003
          42   4.442480091080774E-002   7.231107278064638E-001
   2.785489737955920E-001   5.306254904798626E-003  -4.720198437469948E-001
  -3.948183950165993E-001
          43   1.331586342043329E-002        1.808948328693762
   3.182425300211573E-001   1.437810093858699E-004   5.940433563997635E-001
   1.353397655762001E-001
          44  -1.240846830358415E-002        1.067371124346760
   8.436867308537621E-001  -4.505916213583741E-001  -6.764696228993730E-003
   7.000769728671000E-001
          45  -6.970028964529309E-005        1.465698934481235
        1.398533557084714       -1.331039897020484  -4.761901343343482E-001
        1.249519935957894
          46   1.205254615406848E-006       10.082648141991320
        4.447262357701971       -2.554539880361793   7.192889900867849E-001
        1.178072069112916
          47   6.707324644560879E-002   4.975639690287927E-001
   3.752633314292394E-001   1.849725457087271E-003   4.471349756409039E-001
  -7.713969641943347E-001
          48   1.384792034548739E-006   5.343095352947076E-001
        4.220121203576656  -6.250841773809581E-001       -1.589253831525646
   3.077671456449660E-001
          49   2.033062500905263E-004   3.472283665886877E-001
       14.242486836687450  -8.972860019760495E-002   5.113239529041647E-001
  -7.015446746383289E-001
          50   1.382655054079946E-002        1.263098159469509
   3.858824228561473E-001  -3.947165864694740E-003   8.287950950651559E-001
   7.922623263203528E-001
          51   4.180288073253655E-003   5.859847648002464E-001
        4.574946172207519  -1.262564561615866E-002  -6.367618668185415E-001
   6.984950461477881E-001
          52  -2.743509741415071E-002   5.262136941657681E-001
   4.269169082311987E-001  -1.278204443706552E-001   1.714465655623610E-001
  -6.332214294714825E-001
          53  -3.759591510957265E-004        3.965522146630404
        1.155955615024193       -3.777325050213244   2.942001189464004E-001
       -1.318849245931825
          54  -4.936126919930593E-006       24.317008454055940
   8.893927822067966E-001      -24.320573490630810       -1.615361558639916
   1.330454382910958E-001
          55  -4.336230548756245E-003   9.251291289719763E-001
   6.213244005167563E-001  -7.453546608088565E-001  -8.286552591929158E-001
   5.551660374217164E-002
          56  -2.574641306785489E-006       24.410147814487640
        3.276592350529597      -24.403858686822350        2.103272966721791
  -6.859416469833481E-001
          57   1.570681277542736E-003   3.087699718007076E-001
        5.567534218113380   2.153872242257398E-002   2.443361907563196E-001
  -6.976796178047797E-001
          58  -6.108154999884133E-006        6.039590938934468
       15.818493940591770  -5.001629923744407E-003  -7.003674769327025E-001
   7.132430216131291E-001
          59   2.581259840035184E-004        2.857278280918362
        3.010179149113431   1.483703567412461E-001  -6.381502034185024E-001
  -7.097662023945461E-001
          60   2.290379023615450E-005        4.903218289104861
       12.281031207727320  -3.233835408045289E-001   8.013554136618636E-001
  -7.260839701537721E-001
          61   2.267965191010902E-002   4.135641160557906E-001
   2.761998517951201E-001   1.382422526140310E-002   4.793639999229369E-001
   1.226629429757227E-001
          62   6.448577070794886E-004        6.596808438497894
   7.645583598826075E-001   4.090934163136729E-002  -6.986861379349429E-001
  -5.138460256197249E-001
          63   1.359501824638964E-003        2.782813847352796
   9.387239911547656E-001   6.678936579084262E-002  -6.947856143205337E-001
   6.160736728473625E-002
          64   6.114101049278742E-006       44.464040873836970
   9.221651940684459E-001  -2.214345283623690E-002  -6.993257687489771E-001
       -1.309907421701791
          65   2.672526220842846E-003   7.306191780204137E-001
   5.064626471672628E-001   2.217009883877157E-002        1.534855932652838
   4.348200362291038E-001
          66   2.226186594685819E-003        2.754820483352042
   2.674642201756424E-001   8.641202041745109E-004  -7.118175288112629E-001
  -5.763707938792394E-001
          67   3.208751882494789E-012   5.140963947792446E-001
      717.421809090198300  -1.036026773863686E-002        1.249441576800617
  -8.150331338922322E-001
          68  -3.702705637174277E-005        1.039480646530497
        2.183374500514324   5.696156248218307E-002        1.706003439989651
  -9.888210258792903E-001
          69  -4.169773499822341E-004        2.706613027337434
   7.036948493041348E-001       -2.673996565407948        1.473659186329762
   1.651903047203515E-001
          70  -5.587312411956020E-005        4.611301017010208
        2.461765523349091       -4.513488210928731       -1.084320483627739
   9.016650206860384E-001
          71  -2.943878357796591E-005        3.878199261673228
        4.834071880039704       -3.596129913926125   4.254214630413853E-001
  -7.047090838466757E-001
          72  -1.511137788236428E-003        1.089684079288588
        2.003867024333522  -8.054892707503583E-001   2.222051027869887E-001
   6.968319405161833E-001
          73   1.381909864873910E-002        1.256881173012190
   2.550946304068049E-001   5.084483799078689E-004   6.004503389067289E-001
  -2.785347573063554E-001
          74   1.262841628853999E-011   5.569509114073215E-001
      506.674801884586200  -8.465639615773275E-002  -3.769052860450953E-001
   8.108993062273675E-001
          75   1.473375564787296E-005       54.304585935700320
   3.767824004085240E-001  -1.239071889951679E-003   7.004164652023044E-001
       -1.268898979072303
          76  -8.758932326218305E-006        9.307441452319401
        4.633756788400786       -8.585469013683829   7.019664924360084E-001
   6.904254392739178E-001
          77   4.877775112287823E-005       15.660812028240900
        1.833804300337365  -3.612938641914579E-002  -7.039712676692357E-001
   9.118590164861493E-001
          78   1.613363462056924E-003   2.554087510081493E-001
   6.993740132086683E-001  -1.014126435579369E-002   8.037311993168042E-001
       -1.503209762876107
          79   8.040507869022128E-004   4.644505821968252E-001
        5.416246842252049  -1.120489923840581E-001       -1.195964475885580
  -6.876952499768418E-001
          80  -3.157093405544054E-007       94.076886916979850
        1.244710206998952      -94.067799315139110        1.189480180464276
  -3.670969118565394E-001
          81   2.665677025172953E-005   4.201697847744045E-001
       27.931411554683150  -2.415024868574212E-001        1.891103442523525
   6.975996840548712E-001
          82  -7.245636925003227E-012      408.580403878733100
   5.376550018943185E-001  -1.425495259117730E-002  -7.023519199593571E-001
   1.772973364836565E-001
          83   1.994815494192009E-003   3.965869861496432E-001
        3.062622445836990   1.842147256394728E-001   5.315685305563980E-001
  -6.582808431161594E-001
          84  -1.482916304446678E-007   4.316441181144066E-001
      345.011708537309700  -5.176886820210764E-001  -8.236758080332225E-002
   7.009497442435154E-001
          85   4.016153373393663E-003   6.032021529122046E-001
   2.144826636179899E-001  -1.422459591900022E-002   4.139197568004567E-001
       -2.294092451807472
          86   8.140317726461120E-006        1.419575988688102
       26.979885380202430       -1.378315455673121        1.486362631729966
  -6.999932902924303E-001
          87   5.629139564891135E-007   4.550623116331189E-001
      290.932740787396800  -6.258047008257249E-001       -1.954142526886469
  -7.006412985379373E-001
          88   1.199198362925271E-007      150.123350531761700
   4.377470972550583E-001  -3.691213956564348E-003   7.038005980705784E-001
  -1.889477487700887E-001
          89  -2.132488166488735E-007        3.860371721858308
        3.818042605800645       -2.237127770159879        1.021039794030124
  -8.175020859504902E-001
          90  -2.638523253978173E-006       12.049992367617530
   3.991790619736835E-001      -12.020321819480660  -6.421279975997749E-001
       -1.143796069812572
          91   6.107673550395910E-006        7.017635419769403
        8.897338765940818  -4.143001725748546E-003   7.421562063957504E-001
   6.697111655872463E-001
          92   4.847981955590013E-005        3.113255198710441
        1.159481365922739   5.457781571319485E-003   1.333570820529288E-001
  -7.721831108224306E-001
          93   1.062653918996558E-005        4.407464856333188
        4.534761187286199       -3.347378261274929   5.967546673175584E-001
  -7.857826081390671E-001
          94   1.502501957191281E-004       12.852337709382450
   7.737197858156681E-001  -1.066359336849166E-002  -7.023759055176673E-001
        1.328492686152070
          95  -7.316396956370091E-005        2.046079275875944
   6.133339067046025E-001  -4.150546784687022E-002       -1.242758978642126
       -2.019672149736388
          96   7.856672192826763E-005        4.196580753965163
   7.172598160898476E-001  -5.305363829922292E-002   9.017170341008892E-001
       -1.809007887545551
          97   7.668473652098412E-005        1.231614602917887
        2.331562047672188  -7.171897816658257E-002  -4.874073701350012E-002
       -1.241487748739725
          98  -3.446405141773663E-005        1.268288688470513
        5.118030817586574  -7.681049990368406E-001       -1.216209861605107
   5.304045329897851E-001
          99   2.326345241304326E-012      661.756233365028500
   6.394571992653292E-001   1.734966380208934E-002  -7.162275341242376E-001
       -1.457564434481866
         100  -1.902135550964323E-005        3.923727745730664
        1.763467716753485   2.924475280793520E-002   8.454395398004885E-001
       -1.059960547417638
         101  -5.834614486273074E-010   4.721660785505343E-001
      436.643541329165200  -2.600472028016210E-001   5.395685237419912E-001
  -7.169274375697015E-001
         102  -2.132207079251716E-006   3.026560993623363E-001
       55.525728976479500  -2.993361579225959E-002       -1.597511118569978
   6.976864097249165E-001
         103   1.118049796054498E-004   2.700186001589334E-001
       10.715264498567020  -2.864468044920872E-001        1.465027242596904
  -6.948742683808223E-001
         104  -1.501843475908821E-004        2.294598828187993
        2.195102454852625       -1.451890878561763   7.694320671315327E-001
        1.022971029890709
         105  -4.726277686088723E-007        1.176641995850086
       36.295727970418260  -3.650535018394226E-002  -7.460016775438449E-001
   7.537538977416070E-001
         106   8.640769777119885E-006        1.708126595627478
        3.265454287293466  -2.277337873915314E-002        1.564665180084216
   8.813981187191559E-001
         107  -9.704179471420665E-004        1.243684964655583
        1.165107020231133  -5.835149321845932E-001        1.139337487028682
   9.090571087302894E-001
         108  -2.024161443967829E-009      149.037047947356200
   3.265366557352789E-001  -2.794865843370121E-003  -7.294544129878914E-001
  -9.817076600344454E-001
         109   7.209182540745572E-008   5.002238975953758E-001
      695.543517078419400  -3.301577228611970E-003  -1.284282254270033E-001
  -7.006157048239677E-001
         110  -1.590701854317758E-008       34.923975088982740
        2.018192953781850  -1.025007567472671E-001   6.904413856613737E-001
        1.807907498460233
         111  -5.308570819684788E-005        2.260459990753655
        1.945228059182335       -1.353596840200546        1.179973379722327
  -9.666571614665693E-001
         112  -2.004468509647727E-004   3.550356251347137E-001
        1.624670655602635  -4.895723287325529E-002   3.167197848467920E-002
       -1.531048827618881
         113   2.539070507780555E-005        8.363013188937567
        1.085548159894184  -8.772492244639056E-002   7.176848930730008E-001
        1.731603066127763
         114   1.725333849169319E-003   9.206648394514482E-001
        1.182913726528616   6.796550261660250E-002       -1.321847282137102
  -6.141610443245749E-001
         115   5.262427448910621E-005        2.742892174194317
        1.117832894649606  -4.885608714959330E-001        1.169027871752397
   6.685057164235576E-001
         116   2.872217919792459E-006      123.247476139718500
   4.951262932806927E-001  -1.031086743671485E-003   7.005097913170081E-001
       -1.441962514654757
         117   1.573269773978908E-007        3.493451731257894
      119.480658490886600  -9.799581031364939E-004   5.922685595310148E-001
  -6.977631103794558E-001
         118  -8.404301960402147E-007        6.978437565402643
        2.907775866892532       -1.561409398786164   6.879650911906989E-002
  -4.334365985799117E-001
         119  -1.832342659368712E-006   8.931752436454175E-002
        2.690650794177020  -8.717610670384680E-002        1.551845659054153
  -1.525392231153399E-001
         120   7.576484756057608E-004        1.985894228607569
   2.530080882542609E-001   1.190964202319240E-002        1.022584568042633
   4.951606951316337E-002
         121   4.723276649092037E-007       41.303197330223430
   1.134903592665571E-001  -4.844551079623498E-004   6.998530989222688E-001
  -3.149770483134981E-001
         122  -2.345804828307906E-005   2.077633256072378E-001
        4.701380152693074  -2.084822598947728E-001  -3.529462832280843E-002
       -1.040972388876838
         123   7.380461033026971E-006        2.746669681262951
        4.099611342091555  -9.318761957248003E-001  -3.653151515757082E-001
   9.175281237553492E-001
         124   1.667333925031108E-005       47.373653980546530
   8.122655837020202E-001  -3.329734125708097E-003  -7.006362800616114E-001
        1.142482569617678
         125   1.125146365657820E-006        1.183354371250940
      119.871557369086500   2.342522957058792E-003   4.991095190254521E-001
  -7.009897240197713E-001
         126  -4.933798563656845E-004   8.045775090991276E-001
   5.510118668565390E-001  -3.912524049286631E-001        1.886634357906463
        1.255846964900154
         127   3.178884686466338E-005   2.675117842216673E-001
        2.991640502355726   2.084103742159911E-003  -2.130091387164660E-001
   1.167121611897229E-001
         128   2.269388782408123E-005        2.491366138397907
        1.254578086199231  -9.709326161049531E-001       -1.811359405157480
   3.565154583978993E-001
         129  -6.007113869442223E-008       37.538457008044580
        1.268595431366480  -1.609558282556006E-002  -7.282199456959462E-001
       -1.189209870127312
         130   1.857920136759813E-007   4.258103142318036E-001
        7.997497040986647  -2.204666642039968E-003        1.290638172587181
   2.581476772799988E-001
         131  -1.038925824737370E-006        8.157222449658764
        4.119792186401114  -1.556755290568545E-003   9.180772248573940E-001
   3.630854789175447E-001
         132  -9.856444426374188E-007        1.183892815972998
       68.486439875553160       -1.183601858447289  -7.666986632720578E-001
   6.941878429633034E-001
         133   3.471340802270694E-004        1.134600491503665
   1.814402864087101E-001  -9.877313907973114E-003  -1.206360811507218E-001
       -1.871752693406435
         134   4.671140368138228E-007       48.966472511321190
   6.375951950317961E-001  -2.049513828366558E-002   7.244632696881325E-001
        1.131694633544887
         135   7.954832040298739E-006        6.056096654087058
   1.595855851085272E-001  -1.746331126249443E-002  -6.233441184991900E-001
        1.048057413909205
         136  -1.546603018761036E-005        2.076065711790051
        4.025637783577749  -2.061498120930320E-004   1.261877228932202E-002
       -1.230646576700388
         137   5.245550174708604E-008      205.459751584180700
        2.996492105266974   3.735082419718994E-003  -7.007703740500961E-001
        1.023874384875700
         138   9.484115269435467E-008        1.263058805952849
      210.428688962084700  -4.315273600640929E-002   2.947865057405073E-001
  -7.006103744585313E-001
         139   9.221854259362527E-006        3.785472845104694
        2.999662348374758  -1.420749022099602E-003   4.871108639741291E-001
  -9.211629775052787E-001
         140   1.528513745416295E-008   2.028587008887609E-001
      164.937505318434600  -1.968108963495517E-001  -1.588243392603631E-001
   7.017602128899454E-001
         141   1.368145365230361E-005   2.830964316757344E-001
       28.044932886401280  -2.698843274877626E-002        1.707506306683906
  -7.017297887472634E-001
         142   2.128014322102291E-006        4.656497000930529
        3.362463054605014  -1.275549029645454E-001       -1.150030521735308
  -9.740106138794515E-001
         143  -3.864702824623328E-005        3.162408281219435
        1.506655831217449       -1.094980915252994  -6.476583575932465E-002
        1.935475543150139
         144  -2.868644785666611E-008      264.169767647789100
   9.995555734726298E-001     -264.165819927435200   4.085350770355563E-001
   8.050304536786206E-002
         145   7.711759140857614E-006        1.166889855183659
   8.456230026966652E-002  -5.552563398150613E-003  -9.843332211830795E-001
  -8.750635415300470E-002
         146  -4.272703138571264E-005   4.777701906889924E-001
   2.023339865615605E-001  -3.696515927306885E-001   1.091646087329875E-001
        1.072863404393514
         147  -1.231640195105192E-006        6.397624099635878
        1.095903255854972  -6.528953623479107E-003   1.474519957538716E-001
       -1.197174576312984
         148  -6.342640520800596E-006        3.255293274612682
        2.324290009252524       -3.255131603129370       -2.561276922461934
       -1.670898679941199
         149   2.980683431806854E-007        4.449903810386136
       80.936786069896000  -1.465286864121977E-003   8.560614456143286E-001
  -6.981953506393520E-001
         150  -8.629883314586394E-005   1.981596154392019E-001
        2.657792889241205  -1.684476846162645E-003   6.050493889211501E-001
       -1.282466491670453
         151  -5.330913424193969E-007        5.756218931863334
   2.423363883394698E-001  -1.018905660213035E-002  -1.010860686050614E-002
  -6.673553389680342E-001
         152   2.774051722232187E-005   1.463462020221051E-001
   1.268891402717382E-001  -3.731832902646406E-003        1.581604186574245
       -1.669188672197453
         153   3.305859419287782E-007      107.902552461628600
        2.201223492087351  -3.906359829802909E-002  -6.996371311714402E-001
       -2.222182738524772
         154  -8.535796464255344E-007   1.052304833178478E-001
       11.480543638406130  -8.615684038932869E-002  -1.376224749398055E-001
   5.476058237171727E-001
         155   5.096973558159083E-006   9.751334997732830E-001
        9.679403034881354  -8.563911976210740E-001        1.043239362590839
  -5.297726025132176E-001
         156  -6.136053843176780E-007       20.690309605449490
        2.631113242317224      -20.351417820531730  -7.607929836182759E-002
  -9.781949262952291E-001
         157  -1.255908453886903E-006   8.615629820025076E-001
        9.468686894133079  -4.345745227166147E-001        1.664346843040132
       -1.014486833855464
         158   2.295290084528864E-005   2.456944307007120E-001
        2.520528972414434  -1.375630580151192E-003  -3.625295312797188E-001
       -1.903969827523544
         159  -3.954225877652530E-006        3.180979918765547
        1.893513830102735  -5.280816667855248E-004        1.606055231178155
   4.949535378295212E-001
         160  -6.055645324125379E-007        8.144508274300042
       27.619290635403560  -1.661572678592513E-003  -5.784532399916887E-001
   6.928662005655173E-001
         161   5.950032397679491E-005        3.375401213887845
   4.951390818335082E-001  -1.511565174964404E-003  -3.071972296308402E-001
        1.544178278327242
         162   8.816526659705357E-006        1.303127038285805
        1.532885571216998   3.645669405578489E-005       -1.779574283692254
   8.556524931474038E-002
         163   7.054087209487236E-006        1.205568286208258
        3.647769648616136  -8.637288569504006E-001       -1.547542019273683
  -3.019124158611903E-001
         164  -9.495963081830791E-007        5.271248837763858
   2.164981450828444E-001  -9.848501901572621E-003   2.494645409142284E-001
        2.372017030426523
         165   1.881386275177180E-005        3.169146233628236
        9.953907380862740   4.366613023066693E-004  -7.111642709864627E-001
   6.759309430960446E-001
         166  -2.255636612247481E-006       10.606427001663640
        3.116292720989569  -1.884786288798071E-002   7.535506111309382E-001
   2.549644868374728E-001
         167  -2.708249871848582E-005        1.420339778326925
   2.059942569325714E-001  -2.427866144468701E-002       -2.086899322280695
        1.520506288950351
         168  -4.839397022852907E-006        5.638567986016854
        1.211979566854744  -2.746195284928568E-001        1.225931309435082
        1.811972716680048
         169   1.386319832856560E-006       29.915699400962610
        8.924792251407562   1.769476138898603E-003  -6.914325349536408E-001
   6.289680846482801E-001
         170   4.910061060424212E-005        3.990530649667412
   4.144462535246559E-001  -2.473593655225852E-002  -8.949194021636959E-001
        2.111731724826186
         171   3.361129777889745E-006        5.203603339244504
   3.798646262491112E-001  -2.013904789703142E-002       -1.344266193223440
   6.875671583671436E-001
         172  -2.195141158150921E-005   1.505317213430042E-001
        3.755491367478071  -1.378850253112161E-001        2.513701584666825
  -4.571295070682591E-001
         173   4.476762279701723E-007        6.559910774836735
   8.197028412639812E-001  -1.043657607887066E-001  -3.326238608499197E-001
   2.954632294796665E-001
         174  -1.886860004991706E-006        9.593556395723066
        2.024395255366902       -9.144451524889863        1.192935364546900
        1.565100897283802
         175   1.086549971291016E-006   2.356158109283849E-001
       86.260567248890650  -2.322295166876439E-001        1.668431603102370
  -6.992718675298774E-001
         176  -7.606138548780071E-006        7.659452867642509
   6.356463467241501E-001  -4.805441921945732E-004  -9.231498391951054E-001
        1.141922121036742
         177  -1.423476032658929E-006        1.228018040033852
       16.718075808560390  -4.020920740064938E-001   6.462784960528903E-001
  -5.760629621712786E-001
         178  -3.766293508545633E-006        1.068680768173789
        8.140007962584603  -5.226906960964215E-004        1.559342063209611
   5.427797218437699E-001
         179   2.226611566255775E-006       10.076667049547230
        2.035028918264822   2.496478579541760E-004  -4.563916920352735E-001
   3.749266942786264E-001
         180   2.415574034093051E-006        2.573589806711182
       14.026921982044890  -7.617596661802653E-001        1.637717154388921
  -7.632833375023840E-001
         181  -9.657965171788110E-005   8.997534941132120E-001
        1.274909139733983  -1.619573369836088E-001   2.958849192964942E-001
       -2.211707363943754
         182  -3.496015365851123E-004   9.593156875361382E-001
        1.952556772998118  -7.053257402335732E-001       -2.309412616395738
   5.511810155789246E-001
         183   3.871954122120179E-005        2.147494441649386
        3.179844439554641  -1.652500387134097E-002   6.422950184348714E-001
        1.000955070551416
         184   3.637501128038729E-006        9.637702090163854
   1.518352588151400E-001  -4.261604659203721E-003        1.007323959469903
        1.231196215276738
         185   8.938600716092790E-006        2.901563056380687
        2.999899733837220       -2.874731297315146       -1.459819772074090
        1.264688849678865
         186   1.635503363894490E-004   6.516787291336400E-001
        3.076408739146624  -7.358147041318418E-002  -3.621998478457627E-001
  -2.634244304431959E-001
         187  -1.464738313385563E-005        1.870736484574567
   2.518520642739063E-001       -1.870135762898918   8.004152316405905E-001
  -2.224495939669219E-001
         188   7.596435046956533E-006   1.842662196691375E-001
        6.430601827928463  -1.828558890052923E-001        1.041804080529800
        1.219452571775898
         189   6.966535174375491E-005   3.933728426194194E-001
        3.062545475276496  -2.409992970213186E-003        1.816011225947408
   4.120851693797468E-001
         190  -8.994927254078583E-008       67.594505943821030
   3.947320675310543E-001      -67.594083907210080        1.922379066363917
  -4.310821751076990E-001
         191  -3.238426613744188E-006   2.904079473368280E-001
        7.060002850020449   3.008884981738162E-005        1.545107404514440
       -1.208421818067457
         192  -1.910703691261442E-003   4.468424650228970E-001
        1.166222474701041  -4.080149192202877E-001        1.132733173101157
  -8.226402155311977E-001
         193   4.340359709653409E-005        1.631422022345223
   5.855598468698207E-001  -1.898807064210658E-001        1.848631447581455
        1.774921782985849
         194   2.317001944865183E-006        9.007817163066168
        3.755286832016259       -8.430156755001953       -1.154926192258000
        1.287938134005188
         195  -3.105479904813592E-005        4.767328057654306
   5.440945734037329E-001  -7.426792292960252E-002   1.736086907984374E-001
        1.803417631927450
         196   2.516597029469436E-006        4.733651428106084
       10.299103718116980       -1.312630111537269   4.706340594890074E-001
   7.047201761325257E-001
         197   2.642160031986214E-004   8.925959197864836E-001
   1.569145298858755E-001  -4.607939489615612E-003        1.034411916945710
        1.801661594649636
         198   2.071563157709793E-005        2.166028267122371
        2.224421615467995  -5.532373195397463E-001       -1.251030362757606
        1.828581456867168
         199   3.910293904397859E-005        1.009141499508183
   5.168559165043676E-001       -1.008552473716848  -7.296735905039363E-001
        2.118014949894220
         200   3.124790530904885E-005        2.881510509140009
        2.287757306789492  -4.217020966812768E-003   8.691032721602725E-001
  -4.530291019131508E-002
         201   2.727409288904025E-006   1.147437372876602E-001
       10.376391115350260  -2.174374541094441E-002        1.103277982467450
  -7.569898048572477E-001
         202   1.032347973655005E-006        4.162825422039552
   2.560057116737882E-001       -4.162608812642006       -1.300259550543327
   1.231184634997974E-001
         203  -6.773856080076023E-006        1.619501489965211
        2.314497238600594  -3.289068038975397E-001  -7.357101916922509E-002
       -2.479155491442425
         204   3.035467195468914E-004   1.942034588039101E-001
        3.280452728137488  -2.892466403612359E-002        1.296996862346341
  -6.260294389268089E-001
         205  -1.094455419167761E-005        2.499716571099716
        3.003772064923738       -1.593749449664367   1.941732762473909E-001
       -1.264872559781842
         206   6.444072588849430E-006        3.845001661709933
   3.895213890315695E-001   2.530264568624765E-003       -1.503611441594125
        1.587711845320514
 :END:
 
