      LinCoeff:.   AA1:        AA2:        B12:        RZ1:       RZ2:
 FNC: ======================================================================
  1   .5748D-01   .9431D-01   .2159D+00  -.9344D-02  -.3670D+00  -.5306D+00
  2   .1803D+00   .3459D+00   .1732D+00  -.4567D-02   .4328D+00  -.6927D+00
  3  -.4712D-01   .2858D+00   .1606D+00   .1362D+00  -.4746D+00  -.2355D-01
  4   .4865D-01   .1287D+01   .1974D+00  -.2131D-01   .3306D+00   .6120D+00
  5   .7472D-01   .7583D-01   .7385D+00  -.6883D-04   .2996D-01   .5852D+00
  6   .1398D+00   .5431D+00   .2604D+00  -.2123D-01   .6189D+00   .4151D+00
  7  -.4752D-01   .7406D+00   .3292D+00   .3663D+00  -.5940D+00  -.5741D-01
  8   .3061D-01   .5775D+01   .3331D+00  -.2281D-01   .6793D+00  -.4547D+00
  9   .1365D+00   .4263D+00   .7636D+00  -.1790D-01   .6518D+00  -.5107D+00
 10   .4736D-01   .8710D+00   .2286D+01  -.1822D-01  -.6559D+00   .6573D+00
 11  -.8100D-02   .1934D+01   .6037D+00   .1479D+01  -.5946D+00  -.1329D+00
 12   .3202D-03   .2706D+00   .5634D+03  -.3127D-01  -.9580D-01   .7003D+00
 13   .2127D-01   .8345D-01   .3198D+01  -.7222D-03   .1267D+00  -.6334D+00
 14   .8652D-02   .1085D+00   .1376D+02   .4425D-02   .1531D+00  -.6956D+00
 15   .5204D-01   .6368D+00   .1257D+01  -.2389D-01  -.3776D+00  -.7159D+00
 16  -.1860D-02   .3872D+00   .9351D+00   .8688D+01  -.1409D+01  -.1002D+00
 17   .6840D-02   .8368D+01   .2210D+01   .1763D-02   .7028D+00  -.6813D+00
 18   .8309D-01   .1579D+01   .1915D+00   .4633D-03  -.6976D+00   .5675D+00
 19   .1685D-01   .3640D+01   .2542D+00  -.2834D-01  -.7250D+00  -.9255D+00
 20   .4110D-02   .5630D+00   .1690D+02  -.1214D+00  -.7585D+00  -.6889D+00
 21  -.4068D-02   .2759D+00   .2628D+00   .1892D+01  -.5384D+00  -.1980D+00
 22   .5254D-02   .5481D+00   .2572D+02   .7056D-02  -.6396D+00   .6992D+00
 23  -.1853D-04  -.1747D+01   .3595D+01   .2125D+03  -.2514D+00   .8257D-01
 24   .2161D-02   .1623D+00   .7202D+02  -.1132D-01  -.4089D-01   .6987D+00
 25   .5390D-03   .1428D+03   .1215D+01  -.1187D+00  -.6996D+00   .5524D+00
 26   .6576D-02   .5412D+01   .1864D+01  -.3537D+00   .6880D+00   .6076D+00
 27   .3949D-03   .1000D+01   .1082D+03  -.8631D-02   .7128D+00   .7003D+00
 28   .2514D-03   .5728D+02   .1143D+02   .1851D+00   .7017D+00  -.7106D+00
 29  -.1584D-03   .6870D+01   .2716D+00   .4195D+02   .6438D+00  -.8033D+00
 30   .1584D-01   .6422D+00   .2290D+01  -.9158D-01  -.6188D+00  -.3945D+00
 31   .1047D-02   .5410D-01   .6951D+01   .1114D+00   .5700D+00  -.3071D+00
 32  -.1026D-03  -.1765D+00   .8898D+00   .8199D+02  -.9739D+00   .6917D-01
 ---------------------------------------------------------------------------
 ENERGY=      -1.174446353798090   --->   ||g||^2 =   3.670326959366169E-007
 
 :BEGIN:
          32
           1   5.747724548281944E-002   2.914952781808521E-001
   4.533844576408821E-001   3.205542029157039E-002  -3.670233836918259E-001
  -5.305766359894862E-001
           2   1.803449065987346E-001   5.842465373156338E-001
   4.105506799521992E-001   7.817270087449415E-003   4.327759164459886E-001
  -6.927255017487430E-001
           3  -4.711945733987964E-002   6.496064477633387E-001
   5.028647513965697E-001  -2.096248895774575E-001  -4.745891792430716E-001
  -2.354653553141974E-002
           4   4.864550328608235E-002        1.124843116533393
   4.192289814670323E-001   1.894382357691581E-002   3.306048998081511E-001
   6.119721807696644E-001
           5   7.472363190972535E-002   2.752423305912473E-001
   8.593094737412967E-001   2.500762222977452E-004   2.995939878988205E-002
   5.852078548830593E-001
           6   1.397892064789280E-001   7.224196191847531E-001
   4.881654620215242E-001   2.939231703727128E-002   6.189284888352236E-001
   4.151064642043023E-001
           7  -4.751969152008757E-002        1.052074318365649
   7.578340026846813E-001  -3.481270237458998E-001  -5.939992331970228E-001
  -5.740511483561697E-002
           8   3.061280920867455E-002        2.398474534724231
   5.569735420640062E-001   9.509307961431179E-003   6.792573967976392E-001
  -4.546763990686285E-001
           9   1.364976917250179E-001   6.390529632845177E-001
   8.630743799900628E-001   2.800420707810629E-002   6.518280251800410E-001
  -5.107075903660457E-001
          10   4.736467675915209E-002   9.234633605111225E-001
        1.505842138737278   1.972653241590910E-002  -6.558747503301031E-001
   6.573403092719020E-001
          11  -8.100128225554686E-003        1.847433386636116
        1.200753788930041  -8.007575056171051E-001  -5.946010760995663E-001
  -1.329270107055933E-001
          12   3.201656385213605E-004   4.891988206333087E-001
       23.734337670609330   6.391287953022638E-002  -9.579814394283945E-002
   7.003284195456974E-001
          13   2.127486861886420E-002   2.876265975282490E-001
        1.788104417194319   2.510802234012676E-003   1.266553097392756E-001
  -6.334258753613504E-001
          14   8.651812234053541E-003   3.360917148487775E-001
        3.710034761584149  -1.316687508646644E-002   1.530517204015103E-001
  -6.955583457341175E-001
          15   5.204233407522982E-002   7.828860839392132E-001
        1.109907727543851   3.051987575669476E-002  -3.775978802468986E-001
  -7.158911423867964E-001
          16  -1.859513473325578E-003        3.012476021317275
        1.142707379994266       -2.883935538767810       -1.408734957751034
  -1.001913365114595E-001
          17   6.840401161997030E-003        2.893108762962697
        1.487123936733097  -6.093186321184176E-004   7.027925731823366E-001
  -6.813138180837634E-001
          18   8.308983524546247E-002        1.256752049323267
   4.381790109158634E-001  -3.686533442584161E-004  -6.975723797353317E-001
   5.675048496690468E-001
          19   1.685079528622414E-002        1.900374514680135
   4.750272669369213E-001   1.491158540638649E-002  -7.250323354662708E-001
  -9.254667351777152E-001
          20   4.109827145384190E-003   6.645823085996565E-001
        4.092706662494275   1.826028394185359E-001  -7.585303748154585E-001
  -6.888606411652234E-001
          21  -4.067619318881540E-003        1.472355355344264
   7.096394372594482E-001       -1.284984113118332  -5.384204891449522E-001
  -1.979674920546784E-001
          22   5.253678479991632E-003   7.450597529699703E-001
        5.072487334844408  -9.470594309039095E-003  -6.396234553935156E-001
   6.991609187719982E-001
          23  -1.852872529598423E-005       14.516073694029700
        1.354198059807356      -14.636414025114090  -2.514316643349576E-001
   8.257032051627432E-002
          24   2.160876951758985E-003   3.886122335422469E-001
        8.485996260151673   2.913819890977828E-002  -4.088879378232319E-002
   6.987018343434072E-001
          25   5.389588651922039E-004       11.943877214420010
        1.046852878025564   9.941771608955754E-003  -6.995998509869437E-001
   5.523837503715411E-001
          26   6.576009118860491E-003        2.249078859478717
        1.218964726348390   1.572466014440681E-001   6.879997575669303E-001
   6.075881615869868E-001
          27   3.949224456021688E-004   9.956552021887146E-001
       10.402156227864710   8.668194878282961E-003   7.128146303800707E-001
   7.003460606491665E-001
          28   2.514341643607019E-004        7.580633357262470
        3.407963525005958  -2.441449687634755E-002   7.017282265136475E-001
  -7.106106083485957E-001
          29  -1.584034657807729E-004        6.986960061425166
        2.484848621778689       -6.003763956573129   6.437785883405071E-001
  -8.033112735039026E-001
          30   1.583814644120201E-002   7.420313976057471E-001
        1.477500808341155   1.234243992552223E-001  -6.187545508160919E-001
  -3.944692259959652E-001
          31   1.046695042179548E-003   4.067781403697406E-001
        2.643403346233302  -2.737784263357583E-001   5.699949608474969E-001
  -3.070938608450842E-001
          32  -1.025924027684401E-004        9.045354808926600
   8.443621492912821E-001       -9.064867034410915  -9.739299525867582E-001
   6.917179048536912E-002
 :END:
 
