      LinCoeff:.   AA1:        AA2:        B12:        RZ1:       RZ2:
 FNC: ======================================================================
  1   .1140D+00   .4646D+00   .2862D+00  -.8858D-02   .4900D+00  -.6468D+00
  2   .1188D+00   .6541D+00   .3163D+00  -.5057D-02   .5414D+00   .4501D+00
  3   .3975D-01   .5787D+00   .1039D+01  -.3854D-01   .6265D+00  -.3166D+00
  4  -.7218D-01   .2310D+00   .4744D+00   .1195D+00  -.1625D+00  -.5243D+00
  5   .7362D-01   .7738D+00   .1411D+00  -.1467D-02   .6174D+00  -.5547D+00
  6   .3702D-01   .1688D+00   .1200D+01  -.1175D-01  -.7080D+00  -.3961D+00
  7   .3623D-02   .2816D+01   .3481D+00  -.4723D-01  -.1307D+00  -.5726D+00
  8  -.4488D-01   .1249D+01   .4539D+00   .1760D+00  -.6271D+00  -.3014D+00
  9   .6263D-01   .6030D+00   .1489D+01   .1843D-01   .4733D+00   .6325D+00
 10   .2605D-01   .9814D+00   .2332D+01  -.1354D-01  -.6444D+00   .6846D+00
 11  -.5057D-02   .1781D+01   .7886D+00   .1017D+01   .5663D+00   .1575D+00
 12   .1062D-03   .7299D+00   .3057D+03  -.6865D-01   .2132D+00  -.6993D+00
 13   .8329D-02   .1544D+00   .1016D+02  -.4159D-02  -.9745D-01  -.6929D+00
 14   .5875D-02   .1634D+01   .4295D+01  -.1489D+00  -.6375D+00  -.6667D+00
 15  -.1270D-02   .1199D+01   .8008D+00   .5150D+01   .3154D+00   .6552D+00
 16   .1047D-02   .2899D+00   .7763D+02  -.5834D-01   .1921D+00  -.6976D+00
 17   .4495D-02   .5831D+01   .2412D+01  -.2721D-01   .6862D+00  -.6714D+00
 18   .5190D-01   .1946D+01   .2295D+00  -.8572D-02   .6467D+00  -.5234D+00
 19  -.4181D-04  -.8132D+00   .2301D+01   .1427D+03   .1067D+01   .7043D+00
 20   .3365D-02   .1000D+01   .1358D+02  -.2719D-01   .6583D+00  -.6913D+00
 21   .1655D-01   .3024D+00   .3927D+01  -.3119D-01  -.6162D+00  -.6740D+00
 22   .3283D-02   .6524D+00   .1149D+02  -.1083D+00  -.6923D+00  -.6812D+00
 23  -.3884D-02   .5323D+00   .3061D+00   .2104D+01   .1589D+00   .8537D+00
 24   .7708D-03   .1272D+01   .5557D+02  -.3559D-01  -.6444D+00   .6976D+00
 25   .6044D-03   .5616D+01   .2221D+02   .2247D-01   .6896D+00  -.7033D+00
 26   .9237D-01   .1706D+00   .3221D+00  -.1144D-01   .3814D+00   .4779D+00
 27  -.8302D-04   .1588D+00   .3706D+01   .3801D+02   .1089D+01  -.5223D+00
 28   .9388D-05   .4027D+04   .6501D+00  -.4443D-01  -.7008D+00   .7209D+00
 29   .1840D-01   .5120D+01   .4259D+00  -.1410D-01   .6768D+00  -.6115D+00
 30   .5210D-01   .1022D+01   .4567D+00   .2053D-02  -.7649D+00   .6135D+00
 31   .5942D-02   .1141D+00   .4804D+01   .1261D-01  -.1160D+01   .7355D+00
 32   .4528D-04   .1453D+03   .6604D+01  -.3629D+01  -.7023D+00  -.7128D+00
 33   .1094D-03   .6180D+03  -.2520D+00   .4872D+00   .7022D+00   .1821D+01
 34  -.1548D-05   .1467D+01   .3388D+00   .1756D+04  -.6220D+00   .5398D-01
 35  -.4502D-03   .1419D+01   .6055D+01   .4318D+01  -.3873D+00  -.6575D+00
 36  -.1028D-03   .8329D+00  -.8417D-01   .3790D+02   .3536D+00  -.1698D+00
 37   .1509D-03   .1767D+03   .8833D-01   .3535D+00  -.6983D+00  -.1622D+01
 38   .3331D-03   .2614D+02   .3592D+01  -.1059D+01   .6942D+00   .6831D+00
 39   .1572D-03   .1600D+00   .5356D+02   .2049D-01  -.8460D+00  -.7117D+00
 40   .1751D-04   .2848D+01   .9004D+03  -.9420D-01  -.6932D+00   .7010D+00
 41   .2429D-02   .1626D+01   .2288D+01  -.1742D+00  -.6555D+00  -.1326D-01
 42   .4405D-01   .5285D+00   .8098D-01  -.3539D-02  -.4809D+00  -.3910D+00
 43   .1276D-01   .3074D+01   .9351D-01   .3187D-02   .5813D+00   .1578D+00
 44  -.1242D-01   .6378D+00   .4269D+00   .5037D+00  -.2129D-01   .7103D+00
 45  -.9378D-04   .2489D+00   .1739D+01   .1939D+01  -.4783D+00   .1254D+01
 46   .2544D-05   .7590D+02   .5577D+00   .2575D+02   .7107D+00   .1178D+01
 47   .5713D-01   .2468D+00   .1391D+00   .3111D-03   .4928D+00  -.8324D+00
 48   .3317D-04  -.4371D-01   .1792D+02   .3259D+00  -.1589D+01   .2585D+00
 49   .1961D-03   .6161D-01   .2028D+03   .4264D-01   .5182D+00  -.7007D+00
 50   .8500D-02   .1887D+01   .1410D+00  -.1292D-01   .9004D+00   .7873D+00
 51   .4188D-02   .3075D+00   .2098D+02   .6327D-02  -.6465D+00   .7002D+00
 52  -.2264D-01   .1992D+00   .1259D+00   .7119D-01   .1548D+00  -.6727D+00
 53  -.3577D-03   .6786D+00   .5889D+00   .1498D+02   .3106D+00  -.1331D+01
 54  -.4983D-05  -.6622D-01   .8559D+00   .5914D+03  -.1615D+01   .1330D+00
 55  -.4237D-02   .2200D+00   .1876D+00   .6830D+00  -.8309D+00   .6518D-01
 56  -.2567D-05   .2960D+00   .1048D+02   .5957D+03   .2103D+01  -.6854D+00
 57   .1192D-02   .1062D+00   .3220D+02  -.2037D-01   .2144D+00  -.6975D+00
 58  -.1108D-04   .3652D+02   .2502D+03   .1871D-01  -.7064D+00   .6999D+00
 59   .2420D-03   .8945D+01   .9825D+01  -.4679D+00  -.6212D+00  -.7393D+00
 60   .3746D-04   .2242D+02   .1495D+03   .1604D+01   .8041D+00  -.7139D+00
 61   .2070D-01   .1719D+00   .8101D-01  -.5475D-02   .4190D+00   .7616D-01
 62   .7374D-03   .4389D+02   .7555D+00  -.1700D+00  -.6998D+00  -.4823D+00
 63   .1334D-02   .7877D+01   .1006D+01  -.1466D+00  -.7266D+00   .8140D-01
 64   .1255D-04   .1976D+04  -.5574D+00   .1432D+01  -.7005D+00  -.1311D+01
 65   .1996D-02   .6308D+00   .2812D+00  -.3339D-01   .1559D+01   .4797D+00
 66   .1786D-02   .7395D+01   .6000D-01  -.3281D-02  -.7000D+00  -.5539D+00
 67  -.3124D-11   .2590D+00   .5147D+06   .5326D-02   .1249D+01  -.8150D+00
 68  -.5359D-04   .1135D+01   .4824D+01  -.4544D-01   .1706D+01  -.9965D+00
 69  -.3642D-03   .6019D-01   .3970D+00   .7368D+01   .1474D+01   .1645D+00
 70  -.5821D-04   .5535D+00   .5590D+01   .2081D+02  -.1087D+01   .9283D+00
 71  -.2632D-04   .1154D+01   .2231D+02   .1393D+02   .4290D+00  -.7365D+00
 72  -.1818D-02   .3173D+00   .3559D+01   .8830D+00   .2439D+00   .6959D+00
 73   .1412D-01   .1438D+01   .6352D-01  -.3287D-03   .6013D+00  -.3774D+00
 74  -.5883D-11   .2630D+00   .2567D+06   .4715D-01  -.3769D+00   .8109D+00
 75   .1448D-04   .2949D+04   .4992D-01   .7094D-01   .7001D+00  -.1269D+01
 76  -.9012D-05   .6715D+01   .1528D+02   .7991D+02   .7077D+00   .7049D+00
 77   .4447D-04   .2452D+03   .2900D+01   .5276D+00  -.7045D+00   .9202D+00
 78   .1461D-02   .5566D-01   .4148D+00   .2491D-02   .7953D+00  -.1557D+01
 79   .9071D-03   .1293D+00   .3022D+02   .5765D-01  -.1237D+01  -.6892D+00
 80  -.3748D-06   .9085D+00   .6434D+00   .8850D+04   .1189D+01  -.3671D+00
 81   .2408D-04   .8697D-01   .7801D+03   .8517D-01   .1899D+01   .6970D+00
 82  -.1257D-10   .1669D+06  -.5535D+01   .5824D+01  -.7024D+00   .1773D+00
 83   .8148D-03   .2229D+00   .1009D+02  -.7795D-01   .4905D+00  -.5693D+00
 84  -.2853D-06  -.3712D-01   .1190D+06   .2229D+00  -.8231D-01   .7005D+00
 85   .3682D-02   .3476D+00   .3606D-01   .8232D-02   .3677D+00  -.2321D+01
 86   .4130D-05   .1007D+00   .7278D+03   .1970D+01   .1487D+01  -.6981D+00
 87   .7653D-06  -.7161D-01   .8464D+05   .2868D+00  -.1953D+01  -.7006D+00
 88  -.6691D-07   .2254D+05   .4164D+00  -.2253D+00   .6869D+00  -.1891D+00
 89   .1462D-06   .6266D+01   .1095D+02   .8636D+01   .1021D+01  -.8177D+00
 90  -.2817D-05   .2979D+00  -.1687D+00   .1449D+03  -.6421D+00  -.1144D+01
 91   .4792D-05   .4922D+02   .7914D+02   .3212D-01   .7370D+00   .6620D+00
 92   .1497D-04   .9723D+01   .1357D+01  -.1974D-01   .1287D+00  -.7754D+00
 93   .1151D-04   .4734D+01   .1700D+02   .1475D+02   .6017D+00  -.7907D+00
 94   .1803D-03   .1650D+03   .4241D+00   .1332D+00  -.7037D+00   .1336D+01
 95  -.9171D-04   .4121D+01   .3435D+00   .8111D-01  -.1239D+01  -.2013D+01
 96   .3971D-04   .1739D+02   .1975D+00   .3165D+00   .9104D+00  -.1809D+01
 97   .5694D-04   .1484D+01   .5412D+01   .5385D-01  -.3717D-01  -.1282D+01
 98  -.1431D-04   .6272D+00   .2585D+02   .9709D+00  -.1215D+01   .5081D+00
 99  -.8220D-13   .4379D+06   .1189D+02  -.1148D+02  -.7162D+00  -.1458D+01
100  -.1969D-04   .1546D+02   .3196D+01  -.7364D-01   .8448D+00  -.1059D+01
101   .4331D-08   .1002D+00   .1907D+06   .1228D+00   .5396D+00  -.7168D+00
102   .9667D-06   .8294D-01   .3083D+04   .9129D-02  -.1597D+01   .7176D+00
103   .6275D-04   .9466D-02   .1148D+03   .5051D-01   .1466D+01  -.6959D+00
104  -.1245D-03   .2006D+01   .3747D+01   .3352D+01   .7879D+00   .1059D+01
105  -.5335D-06   .1342D+01   .1317D+04   .4231D-01  -.7464D+00   .7450D+00
106   .1997D-04   .2894D+01   .1063D+02   .3487D-01   .1571D+01   .8877D+00
107  -.6974D-03   .9558D+00   .9796D+00   .6700D+00   .1175D+01   .9089D+00
108  -.9816D-07   .2221D+05  -.7985D+00   .9051D+00  -.7149D+00  -.9818D+00
109   .7653D-07   .2453D+00   .4838D+06   .2503D-02  -.1299D+00  -.7004D+00
110   .9410D-06   .1216D+04   .4205D+00   .3663D+01   .6979D+00   .1808D+01
111  -.5756D-04   .2056D+01   .2565D+01   .3079D+01   .1178D+01  -.9639D+00
112  -.1881D-03   .1337D+00   .2616D+01   .1077D-01   .4361D-01  -.1531D+01
113   .6537D-05   .6982D+02   .1055D+01   .1219D+00   .7078D+00   .1740D+01
114   .1041D-02   .9293D+00   .1566D+01  -.5156D-01  -.1380D+01  -.6002D+00
115   .7206D-04   .6195D+01   .9769D-01   .1388D+01   .1180D+01   .6691D+00
116   .3183D-05   .1519D+05   .8244D-01   .1943D+00   .7005D+00  -.1442D+01
117   .4680D-06   .1220D+02   .1428D+05   .1116D-01   .5863D+00  -.6982D+00
118  -.3521D-05   .3781D+02   .5235D-05   .1089D+02   .6729D-01  -.4334D+00
119   .1257D-04   .7191D-07   .7240D+01   .7599D-02   .1552D+01  -.1527D+00
120   .2984D-04   .3954D+01   .1716D-05   .1205D-01   .1041D+01   .4799D-01
121   .8442D-06   .1706D+04   .5017D-04   .1129D-01   .6955D+00  -.3151D+00
122  -.7631D-05   .2228D-06   .2211D+02   .4385D-01  -.3529D-01  -.1040D+01
123   .1146D-04   .4971D+01   .1511D+02   .2581D+01  -.3622D+00   .9063D+00
 ---------------------------------------------------------------------------
 ENERGY=      -1.174474764729498   --->   ||g||^2 =   3.096577498994077E-011
 
 :BEGIN:
         123
           1   1.139891793226789E-001   6.751206287948877E-001
   5.264246042769601E-001   1.312045434257750E-002   4.900077993659459E-001
  -6.468432815250255E-001
           2   1.187743124096380E-001   8.056400473633147E-001
   5.578241748861947E-001   6.276392833861290E-003   5.414264403730590E-001
   4.500700729041043E-001
           3   3.975086149584610E-002   7.349257757926163E-001
   9.986494293790202E-001   5.244308219356774E-002   6.265044294343426E-001
  -3.166316051360104E-001
           4  -7.217982526211601E-002   5.920040945101849E-001
   7.437147277592932E-001  -2.018101644459265E-001  -1.624619051662285E-001
  -5.242694525400579E-001
           5   7.361827497313347E-002   8.788336117938016E-001
   3.736362443874112E-001   1.669635104994751E-003   6.174449605489001E-001
  -5.546554794418738E-001
           6   3.702156578513162E-002   3.962371685209553E-001
        1.089676806912038   2.964624831452190E-002  -7.079831571958875E-001
  -3.961363060481108E-001
           7   3.622636819923887E-003        1.664087675638090
   5.478060172765449E-001   2.838083273286647E-002  -1.306695931197446E-001
  -5.725600896472278E-001
           8  -4.488140432056090E-002        1.193887536859335
   7.798235849232084E-001  -1.473883180663690E-001  -6.271163277651074E-001
  -3.013961511534007E-001
           9   6.263123375551803E-002   7.883119398970462E-001
        1.227462416980640  -2.338291666664845E-002   4.732856310889140E-001
   6.324640937282781E-001
          10   2.605331698348988E-002   9.837831552274344E-001
        1.522727442222170   1.376600411358867E-002  -6.443670320836238E-001
   6.846351629106908E-001
          11  -5.057233695452209E-003        1.672710523697871
        1.198256893091436  -6.077599939488846E-001   5.662919395610970E-001
   1.574955402228807E-001
          12   1.061513922849682E-004   8.131523213670657E-001
       17.481170057328030   8.442199750154159E-002   2.132165427335681E-001
  -6.993224788645209E-001
          13   8.328833936434086E-003   3.875947352208713E-001
        3.186818713006512   1.072922125708352E-002  -9.745322866923463E-002
  -6.928718853579713E-001
          14   5.875092622805933E-003        1.218583413173058
        2.032496606624430   1.222106374110699E-001  -6.374826656112785E-001
  -6.667265678067618E-001
          15  -1.270393277170729E-003        2.519672799888225
        1.331668695685602       -2.043812976515827   3.154000671827555E-001
   6.551979062846604E-001
          16   1.047020415995869E-003   4.812063905456521E-001
        8.806599637429788   1.212355428738903E-001   1.920896643483950E-001
  -6.975832328454613E-001
          17   4.494637980673520E-003        2.409110938108955
        1.544371690454376   1.129542620047623E-002   6.861768984271955E-001
  -6.714050703513150E-001
          18   5.189651394323340E-002        1.392082482692813
   4.699774933672008E-001   6.157771017552880E-003   6.466616363221907E-001
  -5.234026076158062E-001
          19  -4.181478117960281E-005       11.909546312821630
        1.217769689953588      -11.977826576787410        1.066936818339314
   7.042747906547544E-001
          20   3.365142608329755E-003   9.865329998738120E-001
        3.680941490762050   2.756435705332374E-002   6.583050527000488E-001
  -6.912512289915169E-001
          21   1.654640628499210E-002   5.208153735753341E-001
        1.972980861283946   5.989068751621433E-002  -6.162375494392366E-001
  -6.740440955078181E-001
          22   3.283008178354213E-003   7.376167394217912E-001
        3.370709588790595   1.468005247588613E-001  -6.922756373304746E-001
  -6.811617895941959E-001
          23  -3.883522636589561E-003        1.623815402898555
   8.549903326395844E-001       -1.295987282792827   1.588617490872938E-001
   8.537104765588688E-001
          24   7.707735537173629E-004        1.111981197402408
        7.452174742945640   3.200947748992903E-002  -6.444259355172509E-001
   6.976466062495007E-001
          25   6.043669245882418E-004        2.374599777348671
        4.715049531778878  -9.464022677327278E-003   6.895957686562467E-001
  -7.032945801206326E-001
          26   9.236587363591663E-002   3.989939436198096E-001
   5.566762856601045E-001   2.866340207593122E-002   3.814438716212002E-001
   4.778976573446938E-001
          27  -8.302156272521180E-005        6.178292813792721
        1.965823376828120       -6.152592009226757        1.089228480222699
  -5.223367195307146E-001
          28   9.387503393234976E-006       63.461433071322160
   7.782537366679503E-001   7.001397000427064E-004  -7.007884144514440E-001
   7.208564761676178E-001
          29   1.839512812288814E-002        2.259527225612326
   6.417135664710519E-001   6.241379343013534E-003   6.767971145485309E-001
  -6.114718059461437E-001
          30   5.209586222782883E-002        1.011860112495969
   6.773239734775171E-001  -2.028570369443225E-003  -7.648679019421312E-001
   6.135414086590191E-001
          31   5.941637628036661E-003   3.560139805044836E-001
        2.194466212548077  -3.541482987279406E-002       -1.160266871587731
   7.355235723735356E-001
          32   4.527996798434768E-005       11.901702532439030
        1.697819098485844   3.048790388237083E-001  -7.022858432931380E-001
  -7.127842911406682E-001
          33   1.093705289359948E-004       24.869127555691260
   4.845529424199309E-001  -1.958870390051154E-002   7.022034974337578E-001
        1.820854428616330
          34  -1.548169922200626E-006       41.921296307071900
        1.343202721819749      -41.886311952957660  -6.219807960703361E-001
   5.398231600756969E-002
          35  -4.501506813543080E-004        2.395168781556903
        2.668891584315215       -1.802850202345909  -3.873242794146671E-001
  -6.575104116920771E-001
          36  -1.027715250450885E-004        6.223945853276672
   8.548716105164077E-001       -6.090127264958415   3.535670097608740E-001
  -1.697854869685290E-001
          37   1.508719178157684E-004       13.304711957486480
   6.641485626239736E-001  -2.656745046049507E-002  -6.983321309946072E-001
       -1.622253726644361
          38   3.330899385498786E-004        5.007605339818273
        1.577364163942206   2.115720221725878E-001   6.941612657036643E-001
   6.831195679057324E-001
          39   1.571965128353315E-004   4.248389737706665E-001
        7.319981425479409  -4.823458851136950E-002  -8.459842661522070E-001
  -7.117293438329887E-001
          40   1.750934926468238E-005        1.659421329959885
       30.005029801191540   5.676798037025999E-002  -6.931855290167084E-001
   7.009815402794604E-001
          41   2.428832044616950E-003        1.204906594440280
        1.446588407725892   1.445648333895258E-001  -6.555326230286598E-001
  -1.325798924204433E-002
          42   4.405055800288576E-002   7.245358179527062E-001
   2.782480463131588E-001   4.884537805646607E-003  -4.809081411895463E-001
  -3.909908322759675E-001
          43   1.276223981508198E-002        1.754259346327169
   3.109520325600503E-001  -1.816544086915289E-003   5.812943908320942E-001
   1.578219006162718E-001
          44  -1.242302992873488E-002        1.068394932143210
   8.416188607956642E-001  -4.714286947397918E-001  -2.129144543833730E-002
   7.102500483334749E-001
          45  -9.377668831113211E-005        1.479099575480914
        1.399855766329150       -1.310848233831163  -4.783258503007464E-001
        1.254106188798273
          46   2.544223289268743E-006       10.082326449940200
        4.448238025483450       -2.554348359487043   7.107370212157306E-001
        1.178193163489772
          47   5.712779978634431E-002   4.970815602620266E-001
   3.734126689163687E-001  -6.258413989178616E-004   4.928311398258692E-001
  -8.324098453581292E-001
          48   3.317228329033095E-005   5.312495479484006E-001
        4.227578317010318  -6.135191319740360E-001       -1.588629388448964
   2.584860948185732E-001
          49   1.961032538816148E-004   3.228685405033722E-001
       14.241942172674400  -1.320608217622967E-001   5.181753214662664E-001
  -7.007403371975940E-001
          50   8.499536482602536E-003        1.368918631021097
   3.577536501432798E-001   9.440432577819445E-003   9.003584770967922E-001
   7.873272084677268E-001
          51   4.188141637453923E-003   5.602383507371918E-001
        4.581308408646249  -1.129353044341295E-002  -6.464677685106267E-001
   7.002242991795471E-001
          52  -2.263559527479020E-002   5.200185737390333E-001
   4.222833973222223E-001  -1.368919888925161E-001   1.548206942341724E-001
  -6.727402921023291E-001
          53  -3.577140870495457E-004        3.957692653310905
        1.112683525350059       -3.786225934288247   3.105813144107947E-001
       -1.330532583581793
          54  -4.983234579923204E-006       24.317748257921150
   8.886490637747591E-001      -24.320471308293720       -1.615362553259397
   1.330388184837362E-001
          55  -4.236722410512628E-003   9.502734265013936E-001
   5.950100411043073E-001  -7.187339722945002E-001  -8.309370590030309E-001
   6.517764094664848E-002
          56  -2.566935583441100E-006       24.413380450891570
        3.282230940990777      -24.401257394842060        2.103286365671982
  -6.854163280552491E-001
          57   1.191914823064558E-003   2.930028565547840E-001
        5.672452475869276   6.951303052460552E-002   2.143655862817085E-001
  -6.975301013477372E-001
          58  -1.107759290168318E-005        6.044441504779404
       15.819107147657150  -3.095153893835232E-003  -7.064440080899376E-001
   6.998664303561285E-001
          59   2.419859821616532E-004        2.911551705424063
        3.054748028571727   1.606965787304549E-001  -6.211704182436931E-001
  -7.393090527558464E-001
          60   3.745900103493057E-005        4.901460421998003
       12.289376490612740  -3.272106803796375E-001   8.040833824254234E-001
  -7.138909478868898E-001
          61   2.069900467384953E-002   4.080086992573223E-001
   2.745104601751066E-001   1.341811227646487E-002   4.190227367002802E-001
   7.615762142817591E-002
          62   7.374347973650151E-004        6.611985878678151
   7.647433624700528E-001   2.571595535054302E-002  -6.998054371802919E-001
  -4.822814876892311E-001
          63   1.334057841095990E-003        2.780441141928062
   9.254714099134341E-001   5.273177420472423E-002  -7.265774596768367E-001
   8.139622255535543E-002
          64   1.255184661627445E-005       44.464561910577000
   9.349129378227176E-001  -3.221642388663284E-002  -7.005446287405195E-001
       -1.310531335381222
          65   1.996466723666104E-003   7.728962427933840E-001
   4.959266783716517E-001   4.320108038705172E-002        1.559193432334744
   4.796735203839173E-001
          66   1.785652616266671E-003        2.718728603437435
   2.381579785435852E-001   1.206751172892585E-003  -6.999979407561762E-001
  -5.539409032193938E-001
          67  -3.124473793177055E-012   5.140963947855267E-001
      717.421809090198300  -1.036026772676168E-002        1.249441576807912
  -8.150331335064557E-001
          68  -5.359176548302603E-005        1.043717687156990
        2.185539395803294   4.353909393987636E-002        1.706187185744219
  -9.965379221703469E-001
          69  -3.642082761304312E-004        2.725528817500396
   6.757813847998204E-001       -2.703445322022672        1.474452957510403
   1.645487954386525E-001
          70  -5.821045985845382E-005        4.622017870479688
        2.475787599796334       -4.502268456208640       -1.086501929874290
   9.283394777679389E-001
          71  -2.632260811039284E-005        3.884338223003111
        4.834705052907225       -3.587150285026120   4.289807178012658E-001
  -7.364619770190320E-001
          72  -1.818185008488463E-003        1.095611624526847
        1.947391613256055  -8.059828794743005E-001   2.438547606774073E-001
   6.959195894138025E-001
          73   1.411849269343775E-002        1.198838877907905
   2.513733298634336E-001   2.742124424980413E-004   6.012614068950912E-001
  -3.773681143918023E-001
          74  -5.882566891757651E-012   5.569509112449002E-001
      506.674801884586200  -8.465639587577413E-002  -3.769052861583154E-001
   8.108993014571916E-001
          75   1.447844546583708E-005       54.304055030202430
   3.476335933188763E-001  -1.306256101875146E-003   7.000629425406728E-001
       -1.269134713935773
          76  -9.012466489744193E-006        9.307206014554355
        4.634468650532257       -8.585668768192832   7.076947772372243E-001
   7.048892528057960E-001
          77   4.447035590556661E-005       15.674412559455400
        1.850971258246013  -3.366232437867393E-002  -7.045025911027935E-001
   9.201561516858352E-001
          78   1.460665011270065E-003   2.411437721432853E-001
   6.459156757810747E-001  -1.033172348008350E-002   7.953050372391806E-001
       -1.556564078150172
          79   9.070679901465023E-004   4.323502694613185E-001
        5.501243928608759  -1.333297046053217E-001       -1.237220917114130
  -6.891989348209272E-001
          80  -3.748015906441536E-007       94.077181789902180
        1.245723902740802      -94.067524722986320        1.189482620293286
  -3.670964382543007E-001
          81   2.408484784867652E-005   4.148990199844907E-001
       27.931598297018540  -2.052868075385680E-001        1.898997865265612
   6.969726062174118E-001
          82  -1.256991092494850E-011      408.580403878733100
   5.376550001544186E-001  -1.425499217513035E-002  -7.023519213325966E-001
   1.772973370934051E-001
          83   8.147683702864148E-004   3.807315028477620E-001
        3.157483387895487   2.047326251017183E-001   4.905480919772113E-001
  -5.692817772327610E-001
          84  -2.853238845745728E-007   4.310160556358061E-001
      345.011711172992600  -5.171447306179545E-001  -8.230774003877876E-002
   7.005398010159530E-001
          85   3.681997497234000E-003   5.965110524692909E-001
   2.099925039745409E-001  -1.379965528171673E-002   3.677470335992955E-001
       -2.321370515062474
          86   4.129676501343917E-006        1.438869912806385
       26.979522479320050       -1.368860272951115        1.486690518683735
  -6.980591589814132E-001
          87   7.652817694363960E-007   4.639135834782200E-001
      290.932711341988900  -6.182760467883781E-001       -1.953191225973265
  -7.005786980309258E-001
          88  -6.690950318683260E-008      150.123352669131400
   4.371080768531916E-001   1.500832466571349E-003   6.869490168281739E-001
  -1.890779303194636E-001
          89   1.461587223588594E-007        3.860300489422746
        3.818112746188626       -2.237172647423615        1.020969380113619
  -8.176878785092633E-001
          90  -2.817157215349495E-006       12.047800734443930
   3.586388714719765E-001      -12.023070441860000  -6.421204465035399E-001
       -1.143800196489824
          91   4.792349422105827E-006        7.017986906371207
        8.897914669908969  -4.576375296503101E-003   7.370224627768425E-001
   6.620278403840267E-001
          92   1.497436303702911E-005        3.114943760555017
        1.156453181032861   6.337539565187535E-003   1.286751824467169E-001
  -7.753602882001269E-001
          93   1.151169072642036E-005        4.413554345694979
        4.536679142744621       -3.340894760289750   6.017300139091689E-001
  -7.907361003085535E-001
          94   1.802513194242259E-004       12.850349541938810
   7.464457827033282E-001  -1.036658450418524E-002  -7.037341137499563E-001
        1.335774084730459
          95  -9.171411005616451E-005        2.049841236140265
   6.504334281161511E-001  -3.956844157054548E-002       -1.238868680179443
       -2.013237572370467
          96   3.971174337418751E-005        4.207335884236038
   7.130190546061153E-001  -7.523290902017026E-002   9.103697789397003E-001
       -1.808666814234353
          97   5.694476681209265E-005        1.240007010048053
        2.337498377616526  -4.343035213785503E-002  -3.717080640271313E-002
       -1.282030856764245
          98  -1.431198646832226E-005        1.264147428078920
        5.121400003510311  -7.680093456941509E-001       -1.215132382722164
   5.080572027034064E-001
          99  -8.219715744656883E-014      661.756233365028500
   6.394571992653292E-001   1.734966384001797E-002  -7.162275341310269E-001
       -1.457564434481866
         100  -1.968934292727353E-005        3.923027934998767
        1.766956223461907   1.877182461715285E-002   8.447938415112349E-001
       -1.059496390210653
         101   4.330986749942148E-009   4.721662457735927E-001
      436.643541329165300  -2.600474067055197E-001   5.395684891541305E-001
  -7.168357754009638E-001
         102   9.667202636137803E-007   3.034304288838839E-001
       55.525721965750540  -3.008703191680865E-002       -1.597486271423581
   7.176184122168552E-001
         103   6.274637240114887E-005   2.448977020958608E-001
       10.716849503121110  -2.062460494543044E-001        1.466422126176748
  -6.959054164912262E-001
         104  -1.245396857206369E-004        2.314736570449226
        2.236438990816266       -1.448251663873808   7.878642167659857E-001
        1.058874916633279
         105  -5.335297354657758E-007        1.176688492825069
       36.295739939490060  -3.595786993426504E-002  -7.464221877952583E-001
   7.450270722022967E-001
         106   1.996593006031494E-005        1.711445419347291
        3.266130123485048  -2.037314983273177E-002        1.571263866879368
   8.877272375232816E-001
         107  -6.974027577554792E-004        1.275085761858705
        1.171968986181448  -5.254773782941611E-001        1.175476341610613
   9.088670330429610E-001
         108  -9.816375866335036E-008      149.037048653029100
   3.264725268031777E-001  -6.073054791113722E-003  -7.149184488749969E-001
  -9.817684526055591E-001
         109   7.652640652584160E-008   4.977676483265616E-001
      695.543519263079900  -5.029056533546203E-003  -1.299217775526277E-001
  -7.004434632723100E-001
         110   9.410463093219540E-007       34.923981997879050
        2.018069827372288  -1.048879425263000E-001   6.978526967512866E-001
        1.807880704121757
         111  -5.756234351063719E-005        2.266168478923280
        1.948819442307584       -1.358758661082824        1.178134100411320
  -9.638923130430025E-001
         112  -1.880773139216476E-004   3.800218918326807E-001
        1.620577775651419  -2.833027974139830E-002   4.360854608733312E-002
       -1.531321746121444
         113   6.537286789750051E-006        8.363283465662983
        1.084700153878219  -1.457411158264828E-002   7.078220319671639E-001
        1.739800415643275
         114   1.040882388379992E-003   9.368598408486911E-001
        1.229205217233194   5.503185257271422E-002       -1.379864093854935
  -6.002340833642792E-001
         115   7.205999721645525E-005        2.753708839217340
        1.109697030417506  -5.039363994879111E-001        1.179715714088196
   6.690503256136937E-001
         116   3.183453599258575E-006      123.248084223842800
   5.260557141988256E-001  -1.576498216805999E-003   7.005128907528506E-001
       -1.441980390146657
         117   4.679553795937350E-007        3.493779861444909
      119.480712570463900  -3.195632353285907E-003   5.862625742288544E-001
  -6.981780318871197E-001
         118  -3.521263236570219E-006        6.978548857105844
        2.908024600916629       -1.560950235565592   6.729256872541423E-002
  -4.334365290343154E-001
         119   1.257156889246974E-005   8.717238678493212E-002
        2.690686183753607  -8.717156189567656E-002        1.551845636646684
  -1.526692980648873E-001
         120   2.984395010476083E-005        1.991547751950223
   1.096064522555952E-001  -6.049796379887380E-003        1.041181892358231
   4.798940450976008E-002
         121   8.442178938311556E-007       41.303211183099070
   1.064701682712698E-001  -2.732426738561107E-004   6.954740654927396E-001
  -3.151301766248170E-001
         122  -7.631427554119444E-006   2.093936788466136E-001
        4.701599494712673  -2.093926148443647E-001  -3.529385351202308E-002
       -1.040453700126155
         123   1.145726202462626E-005        2.748130059736581
        4.099369716780221  -9.391805168304181E-001  -3.621753760619509E-001
   9.062774528115192E-001
 :END:
 
