      LinCoeff:.   AA1:        AA2:        B12:        RZ1:       RZ2:
 FNC: ======================================================================
  1   .6664D-01   .1477D+00   .3044D+00  -.4415D-02  -.6681D+00  -.5532D+00
  2   .1523D+00   .3766D+00   .2009D+00  -.7386D-02   .5059D+00  -.5679D+00
  3  -.4837D-01   .4031D+00   .2065D+00   .1480D+00  -.5665D+00   .8548D-02
  4   .2158D-01   .1440D+01   .1710D+00  -.9572D-02   .2709D+00   .7059D+00
  5   .7919D-01   .9364D-01   .7161D+00  -.2389D-02  -.2236D+00   .5450D+00
  6   .1050D+00   .6422D+00   .3132D+00  -.2213D-01   .4887D+00   .5028D+00
  7  -.3283D-01   .8453D+00   .3648D+00   .3332D+00  -.5464D+00  -.7823D-01
  8   .2145D-01   .5109D+01   .3549D+00  -.8650D-02   .6920D+00  -.5699D+00
  9   .1121D+00   .4186D+00   .8275D+00  -.1276D-01   .6155D+00  -.5504D+00
 10   .3848D-01   .8354D+00   .2109D+01  -.1870D-01  -.6301D+00   .6854D+00
 11  -.7528D-02   .1683D+01   .6876D+00   .9566D+00  -.5969D+00  -.1105D+00
 12   .6277D-04   .9238D+00   .7992D+03  -.2214D+00  -.3596D+00   .7002D+00
 13   .1618D-01   .9165D-01   .3582D+01   .5015D-03  -.1028D-01  -.6783D+00
 14   .7358D-02   .1547D+00   .1125D+02  -.1990D-01   .3410D-01  -.6842D+00
 15   .3989D-01   .6238D+00   .1458D+01  -.3689D-01  -.5318D+00  -.6352D+00
 16  -.3120D-02   .4682D+00   .5133D+00   .2901D+01  -.5842D+00  -.1956D+00
 17   .6326D-02   .5588D+01   .2159D+01  -.2940D-01   .6852D+00  -.6651D+00
 18   .6374D-01   .1670D+01   .1930D+00  -.3945D-02  -.6630D+00   .5615D+00
 19   .1670D-01   .3842D+01   .3178D+00  -.4355D-01  -.6638D+00  -.6364D+00
 20   .2936D-02   .7530D+00   .1337D+02  -.1537D+00  -.6815D+00  -.6901D+00
 21  -.4155D-02   .1850D+00   .2825D+00   .1001D+01  -.9235D+00   .1438D+00
 22   .5215D-02   .8163D+00   .1346D+02  -.4374D-01  -.5608D+00   .6930D+00
 23  -.2257D-04  -.2052D+00   .2817D+01   .2178D+03  -.3416D+00   .4326D+00
 24   .3685D-02   .2995D+00   .3244D+02  -.2638D-01  -.3093D+00   .6976D+00
 25   .4876D-03   .9567D+02   .9054D+00  -.3694D-01  -.6988D+00   .6706D+00
 26   .6646D-02   .4014D+01   .1470D+01  -.1604D+00   .6586D+00   .6376D+00
 27   .3618D-03   .1380D+01   .7913D+02  -.4130D+00   .6151D+00   .7002D+00
 28   .5309D-03   .2212D+02   .6629D+01  -.1413D+00   .6907D+00  -.6642D+00
 29  -.2358D-03   .1457D+01   .3435D+00   .2440D+02   .7699D+00  -.7850D+00
 30   .9800D-02   .9502D+00   .1529D+01  -.4814D-01  -.6545D+00   .1733D-01
 31   .3934D-02   .3493D+00   .3429D+01  -.7324D-01   .2890D+00  -.3180D+00
 32  -.7398D-04  -.3971D+00   .1256D+01   .7056D+02  -.9441D+00   .8628D-02
 33   .5289D-03   .1536D+02   .4687D+01  -.1028D+01  -.6880D+00  -.6711D+00
 34  -.8739D-03   .9728D+00   .1958D+01   .6750D+01  -.9727D+00  -.2669D+00
 35   .4524D-03   .2108D+03   .4155D+00  -.1481D+00  -.6996D+00  -.8853D-01
 36  -.2668D-04   .1424D+02   .1164D+00   .5390D+02   .6246D+00  -.5135D+00
 37   .4098D-04   .8163D+01   .2571D+03   .8723D-01   .7098D+00  -.7006D+00
 38   .4385D-03   .6053D+02   .6741D-01   .1630D+00   .6904D+00   .2914D+01
 39   .4946D-03   .2953D+01   .3960D+01  -.1779D+00   .1835D+00   .8063D+00
 40  -.1996D-05   .1266D+01   .1214D+00   .2043D+04  -.4646D+00  -.4797D+00
 41  -.3737D-03  -.1574D-01   .6660D+00   .1190D+02   .1527D+01  -.2957D+00
 42   .1273D-01   .2979D+00   .7141D+00   .2224D-01  -.4127D+00   .1208D+01
 43   .2007D-02   .4357D-01   .2288D+01   .1117D-01  -.1796D+01   .4163D+00
 44  -.1515D-03   .3736D+01   .1079D+00   .4099D+01   .1156D+01  -.1220D+01
 45   .5748D-02   .3959D+00   .3936D-01   .7600D-02  -.1420D+00  -.2430D+01
 46   .1152D-04   .6387D+04  -.2601D+00   .6361D+00  -.7006D+00  -.2013D+01
 47   .5728D-03   .4377D-01   .4075D+02   .2926D-01  -.8799D+00   .6999D+00
 48   .8711D-05   .2150D+00   .1821D+02   .2302D+00   .1537D+01   .3844D+00
 49   .3140D-06  -.2876D-01   .4294D+03   .5362D+01   .5835D+00  -.9006D+00
 50  -.2345D-01   .1196D+00   .2075D+00   .6311D-01   .5710D+00   .3517D+00
 51   .1968D-04   .2290D+04   .1745D+00  -.3182D-01  -.7006D+00   .1288D+00
 52   .1639D-01   .1373D+01   .1589D+00  -.1338D-01   .7310D+00   .9130D+00
 53   .3625D-04   .7296D+03   .1392D+00   .4806D+00  -.7008D+00  -.1382D+01
 54   .6933D-05   .1550D+01   .4664D+03   .8241D+01  -.1252D+01  -.6978D+00
 55  -.2979D-03   .6578D+00   .7227D+01   .3855D+01  -.3181D+00   .6668D+00
 56   .4386D-01   .1940D+00   .9269D-01  -.4471D-02   .4040D+00  -.4119D+00
 57   .1936D-03   .7192D+00   .1172D+02   .1859D-01  -.1660D+01   .6287D+00
 58   .7120D-04   .5853D+03  -.1999D+00   .2988D+00   .7002D+00   .9589D+00
 59  -.1248D-02   .8636D+00   .3757D+00   .7667D+00   .5439D+00   .1921D+01
 60   .4778D-06   .6635D-01   .5558D+06   .2482D+00   .9147D+00  -.7005D+00
 61   .2993D-02   .1719D+01   .5608D-01  -.1031D-01   .6889D+00   .7077D+00
 62   .1374D-02   .8867D-01   .8326D+01   .5913D-01   .3175D+01  -.7271D+00
 63   .1356D-04   .3350D+02   .4100D+02  -.3157D-01  -.7412D+00  -.6469D+00
 64  -.4301D-05   .1115D+01  -.6086D+00   .5305D+03   .5741D+00   .1145D+01
 65   .1185D-04   .9600D+03   .1781D+01   .4996D+00  -.7018D+00   .9026D+00
 66  -.6830D-03   .4801D+01   .2244D-01   .1270D+01   .6876D+00   .1174D+01
 67   .2969D-04   .9612D+01   .3748D+01   .1421D+00  -.1044D+01  -.6697D+00
 68   .6098D-05   .9724D+02   .5648D+02  -.8147D-01  -.6813D+00   .7080D+00
 69   .2018D-02   .1464D+00   .1231D+02   .5137D-01  -.8534D+00  -.7114D+00
 70   .4272D-03   .9488D+02   .4153D-01   .6937D-01  -.7026D+00   .2136D+01
 71   .4728D-03   .1732D-01   .1440D+02   .3046D-01  -.2096D+01  -.6848D+00
 72   .4674D-04   .7338D-01   .8701D+01   .1049D+00   .2347D+01  -.1199D+01
 73  -.1729D-03   .5315D+01   .1182D+01  -.1175D+00   .9624D+00  -.1288D+01
 74   .3248D-03   .8896D+01   .2724D-01   .1340D+00   .4013D+00   .2073D+01
 75  -.7444D-04   .1608D+00   .8616D-01   .6171D+01  -.2407D+01   .1835D+01
 76   .1617D-02   .3742D+00   .3162D-01   .4144D-02   .1226D+01  -.7751D+00
 77  -.5132D-04   .1236D+02   .1434D+01   .1806D+02   .8375D+00   .7056D-01
 78   .2036D-05   .2432D+06   .1014D+00   .1693D+00  -.7005D+00   .9050D+00
 79   .1847D-04   .4912D+01   .4448D+02   .2231D+01  -.1263D+01  -.6564D+00
 80  -.2031D-05   .3281D+06  -.1732D+00   .4569D+00   .7005D+00   .1506D+01
 81  -.1007D-05   .9759D+01   .1358D+01   .9899D+03  -.6191D+00  -.1515D+01
 82   .5186D-03   .4370D+02   .1399D+01   .4208D+00  -.7149D+00   .1080D+01
 83   .1506D-04   .6316D+02   .4378D+01   .3349D+01  -.7523D+00  -.3974D+00
 84   .2170D-04   .7372D+02   .6780D+00  -.8152D-02   .6621D+00  -.2341D+01
 85  -.3988D-04   .2849D-01   .5695D-01   .7062D+00   .1391D+01  -.8795D-02
 ---------------------------------------------------------------------------
 ENERGY=      -1.174473060899725   --->   ||g||^2 =   1.484114346959261E-008
 
 :BEGIN:
          85
           1   6.663702607187866E-002   3.785227807008103E-001
   5.475628304794947E-001   1.166309551438455E-002  -6.680664575859652E-001
  -5.531697285316573E-001
           2   1.523351429994236E-001   6.076407671937917E-001
   4.397055644259146E-001   1.215577371187696E-002   5.058702936758565E-001
  -5.678728501551380E-001
           3  -4.836750759506431E-002   7.423598500315042E-001
   5.610619335402871E-001  -1.994201277401988E-001  -5.664511554447127E-001
   8.547603311939283E-003
           4   2.158477965045507E-002        1.195832485933097
   4.017103500241727E-001   8.004124049031329E-003   2.709212022570025E-001
   7.059306940477054E-001
           5   7.918604900800426E-002   3.020734300395482E-001
   8.447490886615039E-001   7.908773602675950E-003  -2.236255686117875E-001
   5.450191483670719E-001
           6   1.049600346019777E-001   7.874271974044043E-001
   5.388080957705820E-001   2.810565892801155E-002   4.886859146704655E-001
   5.028485436999450E-001
           7  -3.283118143752956E-002        1.085595814953957
   7.770665163574620E-001  -3.069681593006175E-001  -5.463652831262951E-001
  -7.822837104578494E-002
           8   2.144774807439499E-002        2.258407729096670
   5.884207528538410E-001   3.830223213291369E-003   6.920211456298578E-001
  -5.698629916911309E-001
           9   1.121028959965730E-001   6.370447561935519E-001
   9.024278368715807E-001   2.002756907487094E-002   6.155398122111753E-001
  -5.503867532620699E-001
          10   3.847701219463297E-002   9.037269628865802E-001
        1.445497077067129   2.069579927133192E-002  -6.301039574060822E-001
   6.854450961195280E-001
          11  -7.528099420739666E-003        1.624805746141306
        1.139126080338502  -5.887745571922096E-001  -5.969390676417522E-001
  -1.104639777900385E-001
          12   6.277190793205019E-005   8.381310286062653E-001
       28.264491322653430   2.641355868607400E-001  -3.596288047301784E-001
   7.001903163582507E-001
          13   1.618204656400205E-002   3.035700915880990E-001
        1.892617310102089  -1.651877679867220E-003  -1.028288762784662E-002
  -6.783102261649351E-001
          14   7.357872155530074E-003   3.671416313678501E-001
        3.351295710219282   5.419642952435472E-002   3.409860026166781E-002
  -6.841748062072506E-001
          15   3.989044763682260E-002   7.661065894444298E-001
        1.191313849465448   4.815515163593884E-002  -5.317975939586179E-001
  -6.351832444539463E-001
          16  -3.120001853036179E-003        1.835558895709634
   9.572829960024933E-001       -1.580505753076549  -5.842237018930367E-001
  -1.956253869974461E-001
          17   6.326383229879815E-003        2.357702709695909
        1.459395813718108   1.246862182556399E-002   6.852070467334788E-001
  -6.650743491770006E-001
          18   6.374474579865454E-002        1.290737239050143
   4.348074447396114E-001   3.056458084065948E-003  -6.629784847053194E-001
   5.614984524052515E-001
          19   1.669518309158455E-002        1.948974165395241
   5.232509734126627E-001   2.234745437511782E-002  -6.637883480230820E-001
  -6.364372685872286E-001
          20   2.936416379916231E-003   7.741448382040919E-001
        3.629984708543462   1.985144045038118E-001  -6.814628670738295E-001
  -6.900839493303556E-001
          21  -4.154597600556837E-003        1.088994269447954
   6.622606206625589E-001  -9.191208292525458E-001  -9.235478214826308E-001
   1.438282409629159E-001
          22   5.214744205295415E-003   8.789381209988364E-001
        3.663085041284367   4.976016577723441E-002  -5.608340745790255E-001
   6.930048190259558E-001
          23  -2.256844583180928E-005       14.751802800273080
        1.616164725382171      -14.765714056231940  -3.415964967858550E-001
   4.326216734497003E-001
          24   3.684631963421572E-003   5.226329414117930E-001
        5.692869583442191   5.046679220023225E-002  -3.092683407082248E-001
   6.976164747043474E-001
          25   4.875707493913585E-004        9.778979647653188
   9.318855767560390E-001   3.777468322797051E-003  -6.988261025137950E-001
   6.706403102151397E-001
          26   6.646386349854136E-003        1.963137841455700
        1.141505104831400   8.169419859729425E-002   6.586192859133179E-001
   6.376185131973954E-001
          27   3.617726261598817E-004   9.836308623228585E-001
        8.862110834518235   4.198255932612338E-001   6.151000431487166E-001
   7.001709005574404E-001
          28   5.308632266188253E-004        4.687828251167375
        2.546885975623546   3.014353000779085E-002   6.906625608070829E-001
  -6.642434592798897E-001
          29  -2.357589740661630E-004        5.085485048934515
        1.311050241255758       -4.798888812910497   7.699233738367707E-001
  -7.850280559997881E-001
          30   9.799817402093916E-003   9.497577049621627E-001
        1.215895830031662   5.068825295136740E-002  -6.545109983135341E-001
   1.732620566509500E-002
          31   3.934120276826648E-003   5.253732904886438E-001
        1.826510208639654   1.394114345368720E-001   2.890439963104557E-001
  -3.180276568059564E-001
          32  -7.397635008281819E-005        8.376236672727062
   9.254416705888769E-001       -8.423646019833877  -9.441034849784327E-001
   8.628464922464260E-003
          33   5.288974655172519E-004        3.785701313243629
        1.893656865450847   2.714836556045109E-001  -6.880426235202258E-001
  -6.710839179765752E-001
          34  -8.739102930776968E-004        2.778949213979102
        1.675801009392828       -2.428896889704891  -9.726668290026388E-001
  -2.669365113726425E-001
          35   4.524269367722689E-004       14.512955793227250
   5.169727115116256E-001   1.020633438703268E-002  -6.996055101996428E-001
  -8.852722120461788E-002
          36  -2.667756655846120E-005        8.254631221220084
        3.373357403222653       -6.529722240766795   6.245674554492374E-001
  -5.135350223753880E-001
          37   4.098351343696841E-005        2.872238049286338
       16.038476164109190  -3.037086252312915E-002   7.097638687229962E-001
  -7.005581261093234E-001
          38   4.384955270082820E-004        7.790576684664357
   4.795113713574710E-001  -2.091769039661016E-002   6.903501449785563E-001
        2.914497320269004
          39   4.945868005164968E-004        1.665725729546449
        1.941763838377672   1.067769604656075E-001   1.835177953123159E-001
   8.063059058592343E-001
          40  -1.995888652342351E-006       45.214615226926590
        1.177649778281790      -45.186609687293980  -4.645796506630879E-001
  -4.797001705968246E-001
          41  -3.736994401251603E-004        3.447665641867192
   8.063796986030231E-001       -3.452230614705751        1.527373404300643
  -2.957414124863683E-001
          42   1.273139228425624E-002   5.658195748956771E-001
   8.571779681162481E-001  -3.931255610145045E-002  -4.127415372687102E-001
        1.208488415016002
          43   2.007080535665188E-003   2.339677751431099E-001
        1.515434222551385  -4.775176412798390E-002       -1.796092280744797
   4.162546553046757E-001
          44  -1.514658061493448E-004        2.799177552245777
        1.436155995713095       -1.464472443665308        1.156193907483752
       -1.220075985729455
          45   5.748118136750164E-003   6.352524432181206E-001
   2.163697112368427E-001  -1.196307640825672E-002  -1.419978295392032E-001
       -2.430330565286625
          46   1.152023694509620E-005       79.925235143347810
   6.131312375469413E-001  -7.959166906769840E-003  -7.006034890501112E-001
       -2.012562674496672
          47   5.728003825079295E-004   2.702409973274207E-001
        6.384792491448774  -1.082878892237768E-001  -8.799059996218925E-001
   6.998849249641828E-001
          48   8.710844825569764E-006   6.672089000843068E-001
        4.280366834184695  -3.449887994612068E-001        1.537222073317516
   3.843500111037118E-001
          49   3.139737276895036E-007        2.309373429515718
       20.720178782111940       -2.321825751096711   5.834694375489746E-001
  -9.005805761454991E-001
          50  -2.344780918921547E-002   4.274453645052471E-001
   4.988121367861841E-001  -1.476553188633571E-001   5.710281998757639E-001
   3.516624240995577E-001
          51   1.967701241059347E-005       47.858190379798790
   3.777540509318924E-001   6.649574176196568E-004  -7.006331551259651E-001
   1.288377894526114E-001
          52   1.638894777857580E-002        1.166132833061070
   3.813503995007059E-001   1.147125843970951E-002   7.309613341807513E-001
   9.130289049011230E-001
          53   3.625456253910274E-005       27.019774626132490
   7.870796455199004E-001  -1.778659548330906E-002  -7.007794804150274E-001
       -1.381813482295861
          54   6.932916329469476E-006        3.129082040462864
       21.627472702080600       -2.633696625597278       -1.251922351461256
  -6.978024630031514E-001
          55  -2.978607895055599E-004        2.124264371940801
        2.790849388468687       -1.814581886578498  -3.180806039698169E-001
   6.667726504284672E-001
          56   4.386462430230443E-002   4.353566456754072E-001
   2.968423279845955E-001   1.026898627038107E-002   4.039690731788945E-001
  -4.119285876487386E-001
          57   1.935813607260034E-004   8.589479637357296E-001
        3.425497866195184  -2.164169731111959E-002       -1.659657521610413
   6.286535305685893E-001
          58   7.119854207678048E-005       24.198753615838280
   3.141534607399390E-001  -1.234750496500091E-002   7.001784529330210E-001
   9.589069489416880E-001
          59  -1.248188393597284E-003        1.276852570240577
   8.842492149240162E-001  -6.004871526477279E-001   5.439007513026448E-001
        1.921216952431105
          60   4.778452267675400E-007   5.608105473642652E-001
      745.506385712633500  -4.425015978675012E-001   9.146799707022201E-001
  -7.005480677272692E-001
          61   2.993148570533076E-003        1.307046206391833
   2.138025776361055E-001   7.884972253789162E-003   6.889220312658768E-001
   7.077034112209624E-001
          62   1.374237055360184E-003   3.844480238316016E-001
        2.891649412938111  -1.538163143165083E-001        3.175143614344553
  -7.270919392423159E-001
          63   1.355658461518807E-005        5.785529402617573
        6.400892268894422   5.457354797607211E-003  -7.412254865464369E-001
  -6.468799384427959E-001
          64  -4.301321682453027E-006       23.055853226889930
   7.101510427797527E-001      -23.007480830706450   5.741416233529015E-001
        1.144645822032988
          65   1.184805495537538E-005       30.992128552259550
        1.510006981712739  -1.611941685700036E-002  -7.018271133849989E-001
   9.026441022062853E-001
          66  -6.830071524764964E-004        2.463988405915966
        1.013424606813134  -5.156035724548324E-001   6.875751614298232E-001
        1.173961330662337
          67   2.968651264894740E-005        3.123116717912366
        1.971796380070621  -4.549611718566287E-002       -1.043909702869831
  -6.697180823273435E-001
          68   6.097601609652049E-006        9.856812204586960
        7.510182413073252   8.265208209140656E-003  -6.813418262128851E-001
   7.080358755145881E-001
          69   2.018334469215383E-003   4.447055388954183E-001
        3.514390177836333  -1.155131399259286E-001  -8.534268506105038E-001
  -7.114327065853537E-001
          70   4.271844211674114E-004        9.744426718614520
   3.329486113718922E-001  -7.118996250293818E-003  -7.025588392871508E-001
        2.135628318957332
          71   4.727652582850084E-004   2.185868880192833E-001
        3.796672783161931  -1.393701998310453E-001       -2.095658029435410
  -6.847983571839790E-001
          72   4.674471348075732E-005   4.222593888363025E-001
        2.957060220257529  -2.484880317855385E-001        2.346875459477751
       -1.198955019279773
          73  -1.729453233210812E-004        2.279718077986112
        1.030514721710647   5.156066021644492E-002   9.624106145127716E-001
       -1.287897140806080
          74   3.247913135245770E-004        3.004950307098154
   3.990145145453592E-001  -4.457845176700580E-002   4.012806315813188E-001
        2.072654003163132
          75  -7.443921404065835E-005        2.516251350904290
   4.928610637566978E-001       -2.452331234548089       -2.407188481818145
        1.835470072894644
          76   1.617494009280679E-003   6.150588195118244E-001
   1.889846865368829E-001  -6.736843790761265E-003        1.225678032833890
  -7.751272143688959E-001
          77  -5.131934997188333E-005        5.516000795046456
        2.962104524176769       -3.274346049911486   8.374589557995861E-001
   7.056452424204215E-002
          78   2.035855504066306E-006      493.151847415795900
   5.203145032714196E-001  -3.432907933855256E-004  -7.005470074121919E-001
   9.050379744931583E-001
          79   1.846689188156035E-005        2.672633621519880
        6.783081198129499  -8.345892160271936E-001       -1.262895629370959
  -6.564471890536552E-001
          80  -2.030758732847348E-006      572.803384542504400
   5.325819373656118E-001  -7.975710046774585E-004   7.005469796211487E-001
        1.506374154273548
          81  -1.006957003989630E-006       31.616737328209720
        3.319878974957785      -31.308072832165290  -6.190576102387211E-001
       -1.514953511750160
          82   5.185739391459234E-004        6.642447998554158
        1.347600496127342  -6.335408702246242E-002  -7.148534845570665E-001
        1.079638560447269
          83   1.506282697258000E-005        8.155341614301182
        2.749311137197376  -4.106379082526233E-001  -7.523011506907044E-001
  -3.974269056684266E-001
          84   2.170274281129828E-005        8.585805962770918
   8.184301841436822E-001   9.494790898424047E-004   6.620709336637286E-001
       -2.341209894902363
          85  -3.987618364507085E-005   8.571172064368946E-001
   2.904124373231542E-001  -8.238753710993391E-001        1.390843223928856
  -8.795262139446253E-003
 :END:
 
