      LinCoeff:.   AA1:        AA2:        B12:        RZ1:       RZ2:
 FNC: ======================================================================
  1   .1104D-01   .3035D+00   .1596D+03  -.8163D-01  -.5065D-01  -.6995D+00
  2   .1378D+01   .1177D+00   .3075D+00  -.9811D-02   .6492D-01   .5375D+00
  3   .1182D+01   .8315D+00   .3428D+00  -.4380D-01  -.6305D+00  -.2855D+00
  4  -.3446D-01   .5083D+00   .1104D+01   .3655D+01  -.4602D-02  -.7108D+00
  5   .7830D-01   .3651D+00   .2549D+02  -.2472D-01   .1607D+00  -.6964D+00
  6   .1150D+01   .4184D+01   .1130D+01  -.5489D-01   .6613D+00  -.5950D+00
  7  -.2860D+00   .1611D+00   .3119D+00   .2137D+00   .4045D+00  -.7273D-01
  8   .1395D+01   .2670D+00   .5436D+00  -.4800D-02   .8602D+00  -.4310D+00
  9  -.2811D+00   .1645D+00   .8235D+00   .7596D+00   .1289D+00  -.4633D+00
 10  -.2044D+01   .9776D+00   .3405D+01  -.5820D-01   .5808D+00  -.6435D+00
 11   .1076D+00   .8626D+00   .1307D-01   .7615D+00  -.1419D+00  -.1519D+00
 12   .2946D+00   .1666D+00   .6137D+01  -.7233D-02   .1059D+00  -.6849D+00
 13   .8327D+00   .1068D+00   .1429D+01   .6098D-03   .6748D-01  -.5811D+00
 14   .2168D+00   .8872D+00   .3122D+01  -.1835D+00  -.6791D+00  -.6374D+00
 15   .1666D+01   .7577D+00   .2475D+01  -.4382D-01   .5960D+00  -.6247D+00
 16  -.4543D-02  -.1068D+00   .1260D+01   .2454D+02   .3160D+00  -.4398D+00
 ---------------------------------------------------------------------------
 ENERGY=      -1.174017584960621   --->   ||g||^2 =   1.794513986399215E-010
 
 :BEGIN:
          2
           1   1.104390054787901E-002   4.710666955834640E-001
       12.630765047868010   1.732843180932990E-001  -5.064644350466943E-002
  -6.995496111262048E-001
           2        1.377900455462133   3.283999508516057E-001
   5.447564949070540E-001   2.987574565546209E-002   6.491827845637277E-002
   5.374898173122407E-001

 :END:
 
