      LinCoeff:.   AA1:        AA2:        B12:        RZ1:       RZ2:
 FNC: ======================================================================
  1   .5837D-01   .1076D+00   .2292D+00  -.1055D-01  -.2843D+00  -.6029D+00
  2   .1520D+00   .3427D+00   .1744D+00  -.2710D-02   .4627D+00  -.6384D+00
  3  -.5234D-01   .3102D+00   .1682D+00   .1016D+00  -.4498D+00   .1736D+00
  4   .4490D-01   .1189D+01   .1593D+00  -.9693D-02   .4671D+00   .6882D+00
  5   .6866D-01   .8353D-01   .7155D+00  -.2302D-02  -.9656D-01   .5781D+00
  6   .1228D+00   .5141D+00   .2603D+00  -.1763D-01   .5074D+00   .4697D+00
  7  -.4949D-01   .7255D+00   .3187D+00   .2761D+00  -.5783D+00  -.1136D+00
  8   .2421D-01   .5406D+01   .3408D+00  -.1086D-01   .6896D+00  -.5872D+00
  9   .1412D+00   .3695D+00   .7553D+00  -.1048D-01   .6107D+00  -.5740D+00
 10   .4750D-01   .7902D+00   .1984D+01  -.1584D-01  -.6237D+00   .6797D+00
 11  -.1036D-01   .1684D+01   .5890D+00   .9402D+00  -.6014D+00  -.1195D+00
 12   .1137D-03   .5634D+00   .8037D+03  -.5922D-01  -.2113D+00   .7006D+00
 13   .1362D-01   .7050D-01   .3442D+01   .2410D-02   .1030D-01  -.6774D+00
 14   .9540D-02   .1216D+00   .1153D+02   .2288D-02   .1265D+00  -.6888D+00
 15   .5494D-01   .5192D+00   .1213D+01  -.1654D-01  -.4530D+00  -.6831D+00
 16  -.2697D-02   .6110D+00   .5087D+00   .3801D+01  -.7747D+00   .7972D-01
 17   .7630D-02   .5504D+01   .2024D+01  -.5014D-01   .6739D+00  -.6486D+00
 18   .6383D-01   .1705D+01   .1755D+00  -.2652D-02  -.6578D+00   .6012D+00
 19   .2104D-01   .3614D+01   .2763D+00  -.3813D-01  -.6656D+00  -.6874D+00
 20   .4277D-02   .5412D+00   .1393D+02  -.7564D-01  -.7072D+00  -.6945D+00
 21  -.4758D-02   .2078D+00   .3244D+00   .1227D+01  -.9202D+00  -.4031D-01
 22   .5068D-02   .7817D+00   .1607D+02  -.1686D-01  -.6160D+00   .6964D+00
 23  -.3087D-04  -.2199D+00   .2374D+01   .2178D+03  -.3427D+00   .4291D+00
 24   .3218D-02   .2934D+00   .3960D+02  -.3497D-01  -.3156D+00   .6973D+00
 25   .5787D-03   .1073D+03   .1047D+01   .1965D-01  -.7004D+00   .7347D+00
 26   .1022D-01   .3638D+01   .1319D+01  -.1556D+00   .6558D+00   .6129D+00
 27   .4217D-03   .9054D+00   .8654D+02  -.5073D-01   .5654D+00   .7017D+00
 28   .7781D-03   .2506D+02   .5128D+01   .3339D-01   .7051D+00  -.6975D+00
 29  -.2776D-03   .1308D+01   .3901D+00   .2423D+02   .7865D+00  -.8015D+00
 30   .1974D-01   .6851D+00   .1378D+01  -.6992D-01  -.6381D+00  -.1343D+00
 31   .4913D-02   .2683D+00   .3244D+01  -.3524D-01   .2924D+00  -.2907D+00
 32  -.6279D-04  -.4070D+00   .1170D+01   .7075D+02  -.9351D+00  -.3473D-01
 33   .7719D-03   .1646D+02   .3950D+01  -.8888D+00  -.6877D+00  -.6842D+00
 34  -.7364D-03   .4439D+00   .3347D+01   .7964D+01  -.1497D+01  -.4590D+00
 35   .5273D-03   .2127D+03   .2462D+00  -.7580D-01  -.6999D+00   .3908D-02
 36  -.3440D-04   .1539D+02  -.3010D+00   .5424D+02   .6684D+00  -.5153D+00
 37   .4087D-04   .8610D+01   .2570D+03   .1039D+00   .7079D+00  -.7005D+00
 38   .3993D-03   .6826D+02   .6154D-01   .1235D+00   .6936D+00   .2968D+01
 39   .4959D-03   .2956D+01   .4533D+01  -.3259D-01   .5698D-01   .8647D+00
 40  -.3013D-05   .1253D+01  -.1931D+00   .2043D+04  -.4907D+00  -.4817D+00
 41  -.2664D-03  -.6850D-01   .5293D+00   .1311D+02   .1520D+01  -.1564D+00
 42   .3806D-02   .2304D+00   .7180D+00   .1022D-01  -.3096D+00   .1611D+01
 43   .1232D-02   .3944D-01   .2270D+01   .1684D-01  -.1985D+01   .6418D-01
 44  -.9214D-04   .5280D+01  -.4169D-01   .3730D+01   .1347D+01  -.1226D+01
 45   .6750D-02   .3062D+00   .3484D-01   .1361D-01   .2358D+00  -.2988D+01
 46   .1144D-04   .6384D+04  -.3265D+00   .7585D+00  -.7007D+00  -.2011D+01
 47   .6916D-03   .3223D-01   .4287D+02   .3626D-01  -.9871D+00   .7024D+00
 48   .8974D-04   .1666D+00   .1903D+02   .1669D+00   .1555D+01   .3617D+00
 49   .3129D-06  -.2841D-01   .4294D+03   .5362D+01   .5835D+00  -.9055D+00
 50  -.2013D-02   .1433D+00   .1812D+00   .2954D+00   .9768D+00   .6831D+00
 51   .2420D-04   .2291D+04   .7534D-01   .2243D-01  -.7005D+00   .1322D+00
 52   .3888D-03   .5547D-01   .3825D+01   .6224D-01   .4414D+00   .1289D+01
 53   .3486D-04   .4503D+01   .5288D+03   .3151D+00  -.7841D+00  -.6957D+00
 54  -.4212D-03   .2974D-01   .9809D+01   .1624D+01   .4093D+00   .7029D+00
 55  -.1157D-03   .9310D+01   .1837D+01   .4270D+01   .6687D+00  -.4646D+00
 56  -.2167D-04   .5915D+03  -.4048D+00   .5281D+01   .6942D+00  -.4301D+00
 57   .1655D-06   .4878D+06   .2964D+00   .7050D-02   .7005D+00  -.2433D+00
 58   .2346D-02   .7544D-01   .7783D-01   .1956D-02  -.9863D+00  -.2407D+00
 59   .8470D-05   .7760D+00   .7766D+03   .5773D-01   .1923D+01  -.6959D+00
 60   .2782D-04   .3926D+00   .5239D+03   .3362D-01  -.1851D+01  -.7003D+00
 61  -.1454D-02   .4298D-01   .1207D+00   .6962D-01  -.1584D+01  -.1246D+01
 ---------------------------------------------------------------------------
 ENERGY=      -1.174469003658796   --->   ||g||^2 =   2.235720474432546E-010
 
 :BEGIN:
          61
           1   5.837124051703482E-002   3.116012342339523E-001
   4.664203839882608E-001   3.384172492561278E-002  -2.843301947345066E-001
  -6.028894115128455E-001
           2   1.519555987714777E-001   5.830626606980303E-001
   4.143785679313189E-001   4.647254562819936E-003   4.627035200776856E-001
  -6.384366660410143E-001
           3  -5.234024455939811E-002   6.416560242549316E-001
   4.946664363610873E-001  -1.582704210345271E-001  -4.498322826410913E-001
   1.735695472874435E-001
           4   4.489714497055851E-002        1.085827179318264
   3.866931871320543E-001   8.926828827955830E-003   4.670658469079358E-001
   6.882220181988000E-001
           5   6.865934392454137E-002   2.849976195148973E-001
   8.444884462123387E-001   8.078560287990358E-003  -9.656144463475143E-002
   5.781493925537684E-001
           6   1.228291430334732E-001   7.045885957285203E-001
   4.920250289296969E-001   2.502165359329550E-002   5.073875592375500E-001
   4.696628328130915E-001
           7  -4.948738643692545E-002        1.000810750472539
   7.202272907742858E-001  -2.759059476340038E-001  -5.783062039857044E-001
  -1.136132897221798E-001
           8   2.420539868270973E-002        2.322676700713847
   5.743569170159286E-001   4.674718615585497E-003   6.896043724155392E-001
  -5.872323177873260E-001
           9   1.412313952822101E-001   5.991590368505393E-001
   8.628478822654948E-001   1.749717709928951E-002   6.107450790134719E-001
  -5.740178656539463E-001
          10   4.750234652790956E-002   8.800032525596730E-001
        1.402814110713479   1.799573804856171E-002  -6.237368173747286E-001
   6.796764124211826E-001
          11  -1.035514396950882E-002        1.620038711259320
        1.091948089040940  -5.803685944477478E-001  -6.014055822852457E-001
  -1.194638548523899E-001
          12   1.136795566484652E-004   7.100234193675619E-001
       28.347684579515320   8.340202099926994E-002  -2.113086908642047E-001
   7.005526519573747E-001
          13   1.361583904634627E-002   2.700125526764354E-001
        1.855867779939743  -8.925974315002670E-003   1.030331374068084E-002
  -6.774329225387626E-001
          14   9.540050692601252E-003   3.520091348710883E-001
        3.396175525088871  -6.498969921372196E-003   1.264606447816554E-001
  -6.888345044692609E-001
          15   5.494062500367961E-002   7.089702780814547E-001
        1.093634767298237   2.333298063663059E-002  -4.530008848715145E-001
  -6.831266211404855E-001
          16  -2.696993825038851E-003        2.100375870382179
        1.017370157905138       -1.809493128868116  -7.746956078603910E-001
   7.971867556793123E-002
          17   7.629954380241228E-003        2.335315505489831
        1.404704007808252   2.146927985501238E-002   6.738661239968262E-001
  -6.486493126940737E-001
          18   6.382826903030846E-002        1.304856779627634
   4.157207821052948E-001   2.032780266184326E-003  -6.578337217667681E-001
   6.012460056908979E-001
          19   2.104357728939083E-002        1.891108173431882
   4.875642337616540E-001   2.016207038114977E-002  -6.655557288028012E-001
  -6.873913285574832E-001
          20   4.276939225396364E-003   6.823064311094310E-001
        3.721013797393086   1.108661103414952E-001  -7.071532954404968E-001
  -6.944575907479614E-001
          21  -4.757661981835267E-003        1.197776565775571
   7.085749187335799E-001       -1.024324815984478  -9.201510097243235E-001
  -4.031058666345559E-002
          22   5.068478942043151E-003   8.745374718819997E-001
        4.006388698619631   1.927359590413926E-002  -6.159569785143327E-001
   6.964256756529340E-001
          23  -3.087279607425853E-005       14.751422080476640
        1.467601288492672      -14.766332372698940  -3.426596522102774E-001
   4.291102837517697E-001
          24   3.218184901566084E-003   5.083832399571472E-001
        6.289618370306325   6.877856216811669E-002  -3.155755537748996E-001
   6.972792899696277E-001
          25   5.786515744115988E-004       10.359786215365860
        1.032576642079603  -1.897136033100876E-003  -7.003821113973364E-001
   7.347006343490661E-001
          26   1.022229646442492E-002        1.866041910721073
        1.075250332398667   8.335884287198772E-002   6.557558552455117E-001
   6.128778119977003E-001
          27   4.216733059504994E-004   9.244598863850401E-001
        9.299655651397842   5.487608862053718E-002   5.654317749590919E-001
   7.016829245717533E-001
          28   7.781019532059921E-004        5.008868523276090
        2.271892992545876  -6.666392394372610E-003   7.051108234914982E-001
  -6.975490318526568E-001
          29  -2.775801643299976E-004        5.053029705601531
        1.277176757918351       -4.794154579565065   7.864911450407464E-001
  -8.015064549791831E-001
          30   1.974108126650421E-002   7.843116967619388E-001
        1.140058084991553   8.914482792310383E-002  -6.381045446615036E-001
  -1.342896637567200E-001
          31   4.912651517467582E-003   4.827852168561257E-001
        1.789758643042486   7.298710741585353E-002   2.923527969921593E-001
  -2.907139900756574E-001
          32  -6.279378212745499E-005        8.387244799281275
   8.721142560686871E-001       -8.435775440557929  -9.350766622618424E-001
  -3.472955679503260E-002
          33   7.719048408786885E-004        3.946306613894723
        1.735186267481277   2.252201428832893E-001  -6.877318181284465E-001
  -6.841741508370478E-001
          34  -7.364131575577136E-004        2.899711146461572
        1.940903096602654       -2.746617098103701       -1.496649512530563
  -4.590098245737321E-001
          35   5.272672649159229E-004       14.580015470228130
   4.127273121227449E-001   5.198724569871509E-003  -6.998738647657036E-001
   3.908472865893907E-003
          36  -3.439640398399169E-005        8.344689097002311
        3.418691848353666       -6.500442129894264   6.683633053843842E-001
  -5.153218310756396E-001
          37   4.087288441117206E-005        2.951852782980792
       16.034594562776090  -3.519410989149280E-002   7.078834728865173E-001
  -7.005134777620894E-001
          38   3.993321696608896E-004        8.269581647044145
   4.299311028601366E-001  -1.493697012830032E-002   6.935655548312134E-001
        2.968050068481859
          39   4.959248226810300E-004        1.709888008054143
        2.121281972789750   1.906005887441669E-002   5.697907741860736E-002
   8.646920679406924E-001
          40  -3.012938562392003E-006       45.214278905479070
        1.029366797457249      -45.186555933455150  -4.907309359689746E-001
  -4.816599539142201E-001
          41  -2.664259458046628E-004        3.610995872855072
   6.785856692660944E-001       -3.629966832723621        1.519729158571814
  -1.563796575623080E-001
          42   3.806145208409051E-003   4.905651311893019E-001
   8.531105856454238E-001  -2.082792943452587E-002  -3.096372631805802E-001
        1.610575432991275
          43   1.231730467512573E-003   2.372166037294631E-001
        1.510588040424704  -7.097147388570299E-002       -1.985097206824341
   6.418422152351667E-002
          44  -9.214100042301367E-005        3.001747497974318
        1.464349281179505       -1.242770159040151        1.346992465524522
       -1.226133265347804
          45   6.750329491440239E-003   5.655096646466797E-001
   2.187916414384467E-001  -2.406082600124814E-002   2.358194714214124E-001
       -2.987633398635090
          46   1.144251271227964E-005       79.904722781847780
   6.572666523440192E-001  -9.493135690028028E-003  -7.006610914888378E-001
       -2.011400837751930
          47   6.915536614589310E-004   2.616991466798291E-001
        6.548761734197573  -1.385595950289499E-001  -9.870996287968967E-001
   7.023778421240586E-001
          48   8.974026198112509E-005   5.775264195277780E-001
        4.372154035020710  -2.890063786345956E-001        1.555313699819528
   3.617085110307196E-001
          49   3.128753737454157E-007        2.309512003175064
       20.720182527184770       -2.321813038589986   5.834693582363261E-001
  -9.054875263440265E-001
          50  -2.012510124613949E-003   6.623423294529941E-001
   5.269930711121866E-001  -4.459610178130242E-001   9.768119110626828E-001
   6.830693173324959E-001
          51   2.419587401206160E-005       47.860057755489880
   3.126951167142223E-001  -4.687601821416665E-004  -7.005011212944284E-001
   1.321837748722869E-001
          52   3.887908027531604E-004   3.430873261332634E-001
        1.963319462012763  -1.814184243928868E-001   4.413671226021874E-001
        1.289483036095955
          53   3.486391826163288E-005        2.195022112294162
       23.001921273641870  -1.435299733715744E-001  -7.841490481794586E-001
  -6.957462671508569E-001
          54  -4.211540646634088E-004        1.285815767529522
        3.136647335833834       -1.262682755426293   4.093006799586653E-001
   7.028921650521571E-001
          55  -1.157361089301783E-004        3.685145674674896
        2.182693219209726       -1.158686589891754   6.687162557409505E-001
  -4.646383667609066E-001
          56  -2.167214994345214E-005       24.428979786497450
        2.197683153109006  -2.161927385014589E-001   6.941959086311813E-001
  -4.301303346335120E-001
          57   1.655146303074527E-007      698.400417604084600
   5.508752052390049E-001  -1.009423262407349E-005   7.005480277736511E-001
  -2.433174501287740E-001
          58   2.346256366885171E-003   2.781981757955500E-001
   2.823739978472553E-001  -7.031726109765416E-003  -9.862583947159436E-001
  -2.406867704698952E-001
          59   8.470446457406105E-006   9.131078242837798E-001
       27.869176993652250  -6.321994657459215E-002        1.923362983931631
  -6.959132725383151E-001
          60   2.782493322790325E-005   6.528813253137653E-001
       22.889286163637810  -5.149270463709391E-002       -1.851037182168462
  -7.003082712679283E-001
          61  -1.453809557044034E-003   3.355555195462454E-001
   3.837266089165475E-001  -2.074689189570338E-001       -1.583869988382696
       -1.246092903058628
 :END:
 
