      LinCoeff:.   AA1:        AA2:        B12:        RZ1:       RZ2:
 FNC: ======================================================================
  1   .3083D-01   .5145D+01   .2260D+02   .5380D-01   .7020D+00  -.7010D+00
  2   .5724D-02   .6916D+03   .1558D+00   .4583D-01   .7002D+00  -.2460D+00
  3   .1294D-02   .1995D+01   .1324D+03  -.1728D+00   .8050D+00  -.6960D+00
  4   .1152D-01   .1755D+02   .7966D+01  -.2791D+01   .6809D+00   .6972D+00
  5   .4671D+00   .5055D+01   .2963D+00  -.3618D-01  -.6790D+00  -.7061D+00
  6   .1918D+00   .1292D+02   .8388D+00  -.2574D-01   .6912D+00  -.6356D+00
  7  -.5707D-02   .1888D+01   .3323D-01   .7265D+02   .5512D+00   .1220D+00
  8   .1056D+00   .3413D+02   .2948D+00   .2141D-01   .7005D+00  -.6654D+00
  9   .5178D+00   .2708D+00   .6600D+01  -.1499D-02   .6214D+00  -.6953D+00
 10   .9872D+00   .1246D+00   .1685D+01  -.3257D-02   .5412D+00   .4986D+00
 11  -.9468D+00   .1440D+00   .2543D+00   .1467D+00  -.7992D-01   .5367D+00
 12   .1405D+01   .1401D+01   .6074D+00  -.4078D-01   .6118D+00   .5812D+00
 13   .3170D+00   .4760D+01   .1856D+01  -.4542D-02   .7031D+00  -.6693D+00
 14  -.2560D-01   .3971D+00   .5364D+00   .1338D+02   .7901D+00   .9361D-01
 15   .2505D+00   .1591D+01   .3880D+01  -.2319D+00  -.6094D+00  -.6748D+00
 16   .1191D+01   .7508D+00   .1426D+01   .4681D-02   .6456D+00  -.7204D+00
 17   .2288D+01   .2564D+00   .6818D+00  -.2206D-01  -.7106D+00  -.5774D+00
 18  -.1215D+00   .3960D+00   .1917D+00   .2332D+01  -.1212D+00   .1432D+01
 19   .2900D+01   .5391D+00   .5289D+00  -.3527D-01   .6756D+00  -.1766D+00
 20   .1117D+01   .5082D+00   .2817D+01  -.2473D-01   .5524D+00  -.6642D+00
 21   .4190D+01   .2249D+00   .3476D+00  -.2122D-01   .5706D-01  -.7002D+00
 22   .3137D+01   .2529D+00   .1026D+01  -.1757D-01   .4993D+00  -.4629D+00
 23   .3226D+00   .1649D+01   .1237D+01  -.1396D+00   .2392D+00  -.6395D+00
 24   .1950D+01   .1057D+00   .2139D+00  -.1302D-01   .1530D+00   .5631D+00
 25  -.1042D+01   .3484D+00   .2961D+00  -.5563D-01   .9747D+00  -.2348D+00
 26   .9256D+00   .2047D+00   .1992D+01  -.2341D-01  -.1984D+00  -.7567D+00
 27  -.1397D+01   .5980D+00   .2699D+00   .3287D+00   .5853D+00   .6304D-01
 28   .3534D+01   .3811D+00   .1336D+00  -.8365D-02   .2091D+00  -.7277D+00
 29   .5994D+00   .1075D+00   .2358D+01   .1478D-01   .1201D+01  -.6867D+00
 30   .1353D+01   .2628D+00   .7438D+00   .2412D-01   .9220D+00  -.8870D+00
 31   .1989D+01   .7825D-01   .7566D+00  -.1634D-02   .1327D-01  -.6057D+00
 32   .8150D+00   .2976D+00   .2664D+00  -.3162D-01   .8926D+00  -.7139D+00
 33  -.4573D+00   .5023D+00   .1340D+01   .8684D+00   .1106D+00   .5801D+00
 34  -.4540D-03   .1806D+02   .5393D+00   .2664D+00   .5906D-01   .1744D-01
 35   .1863D+00   .2350D+00   .3712D+01  -.4520D-01  -.2479D+00   .4321D+00
 36   .7299D-01   .1824D+00   .1135D+03   .5469D-01  -.2856D+00   .6996D+00
 37   .6356D-02   .2224D+01   .1013D+03  -.7149D+00   .7755D+00   .6970D+00
 38   .2090D-01   .1420D+01   .7648D+02  -.2527D+00  -.4097D+00   .6950D+00
 39   .2184D-01   .2701D+00   .7974D+02  -.9165D-01  -.3126D+00   .6900D+00
 40   .2570D+00   .6883D-01   .4557D+01   .1078D-02   .2207D+00   .6884D+00
 41  -.8998D+00   .3004D+00   .1211D+00  -.2945D-01  -.9541D-01  -.9699D-02
 42   .1441D+00   .5220D+00   .2570D+01  -.4731D-01   .8236D+00   .2875D+00
 43   .4931D-01   .1517D+00   .4148D+02   .6846D-01   .6987D+00   .6996D+00
 44   .2135D-01   .1020D+00   .8761D+02  -.6746D-03   .3685D+00   .6979D+00
 45   .2332D+00   .1177D+00   .1376D+02   .2448D-02  -.9219D-01   .6917D+00
 46   .2898D-03   .3506D-01   .6828D+01   .3508D-02   .6824D-01   .1329D+00
 47   .1095D+00   .8662D+00   .1438D+02  -.2529D+00   .6383D+00   .6914D+00
 48  -.7466D-01   .5699D+00   .2454D+01   .4535D+01   .1184D+00   .6257D+00
 49  -.9437D-01   .1504D+00   .8555D+02   .6214D-01  -.3091D+00   .6966D+00
 50  -.3132D-02   .2107D+00   .7131D+02  -.2289D-01   .2431D+00   .6977D+00
 51   .1673D-01   .2074D+00   .5994D+02   .5561D-01   .5205D+00   .6842D+00
 52   .1802D-02   .7854D+00   .1321D+02   .4827D-01   .2212D+00   .2032D+00
 53   .2196D-02   .1759D+00   .2246D+02   .1680D-02   .2809D+00   .4784D+00
 54   .2052D-01   .3617D-01   .2201D+01  -.3787D-02   .1225D+00   .1784D+00
 55   .7950D-03   .1752D-01   .2745D+02  -.1211D-02   .4399D+00   .5701D+00
 56   .1666D-03   .6105D+00   .7596D+02  -.4951D-02   .4838D+00   .9039D+00
 57   .2770D+00   .4868D-01   .2487D+00  -.3318D-02   .1397D-01   .1007D+00
 58  -.9138D-02   .6642D-01   .5384D+02  -.7305D-03   .4566D+00   .6986D+00
 59  -.4854D-03   .8733D-02   .9470D+01  -.4705D-03   .1615D+00   .3004D+00
 60   .4931D-04   .7399D-02   .7275D+02  -.5650D-03   .5603D+00   .8535D+00
 61   .1733D-01   .8859D-01   .4684D+02  -.2699D-01   .2082D-01   .7026D+00
 62   .5613D-02   .1158D+01   .5022D+02  -.2174D-01   .2649D+00   .7286D+00
 63  -.8078D-03   .6233D+00   .6596D+02  -.5972D-02   .4483D+00   .8048D+00
 64   .4893D-02   .1316D+01   .4451D+03   .1009D+00   .6574D+00  -.7012D+00
 65   .1451D-04   .8532D+02   .6713D+04  -.1055D-04   .7006D+00  -.7006D+00
 66   .4755D-03   .1896D+04   .3466D+01   .2065D-01   .7005D+00  -.7005D+00
 67  -.3374D-04   .2140D+03   .3355D+03   .1883D-04   .7005D+00  -.7005D+00
 68   .1814D-03   .6027D+04   .1146D+00   .1040D+01   .7005D+00  -.7004D+00
 69   .1891D-04   .1358D+04   .1308D+01  -.2518D+00   .7003D+00  -.7006D+00
 70   .2873D-03   .8493D+04   .1181D+00   .5036D-01   .7006D+00  -.7005D+00
 71   .1541D-05   .4956D+03   .3698D+04  -.3709D-05   .7006D+00  -.7006D+00
 72  -.1973D-02   .8320D+03   .1682D+01   .1095D+00   .7009D+00  -.7004D+00
 73   .6507D-04   .4097D+03   .1207D+04  -.2665D-05   .7005D+00  -.7006D+00
 74  -.4309D-04   .2109D+04   .4304D+03   .2502D-04   .7005D+00  -.7005D+00
 75   .1005D-02   .7227D+00   .1594D+04   .7541D-04   .7005D+00  -.7008D+00
 76   .1517D-05   .3878D+04   .6680D+04   .8076D-08   .7005D+00  -.7005D+00
 77  -.9180D-05   .2087D+04   .9008D+03   .1953D-05   .7005D+00  -.7005D+00
 78   .1248D-02   .1991D+02   .1554D+03  -.9930D-05   .7006D+00  -.7006D+00
 79  -.6161D-03   .6710D+02   .1296D+02   .1881D-04   .7005D+00  -.7005D+00
 80  -.1963D-04   .7824D+04   .1607D-01  -.6941D-02   .7005D+00  -.7006D+00
 81   .8694D-04   .3456D-01   .5440D+04   .3498D-06   .7005D+00  -.7006D+00
 82  -.1516D-04   .1082D+02   .5087D+04  -.6984D-09   .7006D+00  -.7005D+00
 83   .1338D-04   .1850D+00   .9787D+00   .1792D-01   .3339D+00  -.8608D+00
 84   .1023D-04   .1535D+00   .4598D+00  -.7456D-02   .3385D+00  -.6400D+00
 85  -.5008D-04   .8688D-01   .1185D-01   .6521D-01   .3331D+00  -.7552D-01
 86   .1373D-04   .3534D+00   .9639D+00  -.2552D-01   .5643D+00  -.9505D+00
 87   .2070D-04   .5986D+00   .4043D+00   .1400D-01   .7336D+00  -.5967D+00
 88   .9888D-05   .1038D+00   .4626D+00  -.6490D-02   .2298D+00  -.6339D+00
 89   .2687D-04   .4113D-01   .7829D+00   .5007D-02   .2152D-02  -.8834D+00
 90   .1791D-04   .3120D+00   .7199D+00   .1450D-01   .5202D+00  -.7798D+00
 91   .2782D-05   .8631D+00   .5022D+00   .1089D+00   .9160D+00  -.7210D+00
 92   .8188D-05   .6160D+00   .8608D-01   .1002D+00   .7018D+00  -.1514D+00
 93   .1144D-04   .5658D+00   .2294D+00   .9657D-01   .6817D+00  -.3296D+00
 94   .1350D-04   .6258D-01   .5175D+00  -.9601D-03   .1527D+00  -.6736D+00
 95   .5766D-04  -.1301D-02   .1016D+01   .4855D-02   .3307D-01  -.9784D+00
 96   .9469D-05   .2937D+00   .3613D+00  -.2855D-01   .2708D+00  -.4498D+00
 97   .1574D-04   .2039D+00   .8201D+00   .1327D-01   .3477D+00  -.7849D+00
 98   .1082D-04   .3967D+00   .2390D+00  -.4877D-02   .6061D+00  -.4637D+00
 ---------------------------------------------------------------------------
 ENERGY=      -1.174467943189820   --->   ||g||^2 =   3.862653893166059E-008
 
 :BEGIN:
          98
           1   3.082994969627442E-002        2.279998183279810
        4.759997394817086  -2.359455142747036E-002   7.020063540078890E-001
  -7.010126968553095E-001
           2   5.723552170274952E-003       26.299998786545440
   4.489775189317321E-001  -1.742730119189515E-003   7.002191273217928E-001
  -2.459998278688012E-001
           3   1.293829871442832E-003        1.349999945288992
       11.499999993363720   1.280016333789891E-001   8.050017147963030E-001
  -6.959994960504609E-001
           4   1.151721802389621E-002        3.841150827257989
        2.155586323885659   7.267079338597813E-001   6.809262049085529E-001
   6.971572160072679E-001
           5   4.671324263637516E-001        2.240239085612334
   5.097619507359641E-001   1.614873399585405E-002  -6.790168871865758E-001
  -7.060913810239353E-001
           6   1.918265655986079E-001        3.591101377324418
   9.016523076598552E-001   7.167471071711629E-003   6.911949236792485E-001
  -6.356243875122477E-001
           7  -5.706926228738010E-003        8.633277786675889
        1.368840604129112       -8.414549850855750   5.511587159351371E-001
   1.220289379713775E-001
           8   1.056379211791426E-001        5.843555876037943
   5.622981571051714E-001  -3.663279938163424E-003   7.004645292727710E-001
  -6.654436380976879E-001
           9   5.178065110436156E-001   5.189709642522945E-001
        2.568842066899143   2.888785414690857E-003   6.213519928626738E-001
  -6.952766570244037E-001
          10   9.872457341444317E-001   3.483355641433599E-001
        1.296794697321925   9.350084048255146E-003   5.411793662239246E-001
   4.986066853306886E-001
          11  -9.468183933386719E-001   5.391050912411695E-001
   5.717740250434609E-001  -2.720583869361492E-001  -7.991629838054411E-002
   5.366692072287097E-001
          12        1.405458473678218        1.166139926508238
   7.519083334787522E-001   3.497381839132689E-002   6.117579362631191E-001
   5.812349289526091E-001
          13   3.169547982089984E-001        2.180639420152742
        1.360743554201468   2.082697318617653E-003   7.030837763302520E-001
  -6.692882529683069E-001
          14  -2.560224970118735E-002        3.712124955980964
   9.602284928123612E-001       -3.605147481276990   7.901270598071261E-001
   9.360555342353086E-002
          15   2.505192302925488E-001        1.165930395009773
        1.899503990891852   1.988942101441200E-001  -6.094212567550315E-001
  -6.747608349183649E-001
          16        1.191309383206404   8.691819630738916E-001
        1.196023261714004  -5.385919479124281E-003   6.455637883090188E-001
  -7.203967611735276E-001
          17        2.287886845301701   4.840520904263367E-001
   8.109924741412049E-001   4.556598913072975E-002  -7.106007962529544E-001
  -5.773925535521123E-001
          18  -1.215465367109745E-001        1.651582780003374
   7.281896315948649E-001       -1.411801743453005  -1.211929682070497E-001
        1.432281470785420
          19        2.900021375330292   7.098397623686651E-001
   7.008480289215149E-001   4.969327246298534E-002   6.755544358620531E-001
  -1.766471797717548E-001
          20        1.117117623079343   6.953336126192519E-001
        1.670695895854518   3.557028629331941E-002   5.524086023974416E-001
  -6.642124044941266E-001
          21        4.189982672039458   4.512581038598355E-001
   5.693829920443704E-001   4.702055361010012E-002   5.706066919289435E-002
  -7.002408341618925E-001
          22        3.137444383863472   4.850962459573056E-001
        1.003482468737849   3.621596442012272E-002   4.992599126277770E-001
  -4.629467552040086E-001
          23   3.225665511232236E-001        1.228637299098447
        1.041466521626177   1.136058870046055E-001   2.392320198025894E-001
  -6.395138961335756E-001
          24        1.949692266295136   3.044407932460932E-001
   4.461272263843955E-001   4.275425075613670E-002   1.530174896194826E-001
   5.631347463610922E-001
          25       -1.041761462200003   5.411186428555111E-001
   4.794416802358587E-001   1.027972528651786E-001   9.746626311656648E-001
  -2.348048510498698E-001
          26   9.256004960811229E-001   4.257859823555099E-001
        1.402093130981047   5.497432378783913E-002  -1.983506681905789E-001
  -7.566997878646612E-001
          27       -1.397265936038717   9.626478361099370E-001
   6.942736033925188E-001  -3.414073600965016E-001   5.853178816883077E-001
   6.303695891629253E-002
          28        3.534096148079942   6.105263844765448E-001
   3.536324009256730E-001   1.370091877316595E-002   2.091296546899371E-001
  -7.277158439136575E-001
          29   5.993898274365427E-001   3.497039571255175E-001
        1.539712368360004  -4.225927740369374E-002        1.201037913100694
  -6.867255737194151E-001
          30        1.352940535381796   5.356507394089719E-001
   8.751398907581763E-001  -4.502600421600710E-002   9.219612973384617E-001
  -8.870458507110913E-001
          31        1.989489786565789   2.767943974028199E-001
   8.688474518723912E-001   5.904381662338397E-003   1.327271545125160E-002
  -6.057454239050866E-001
          32   8.150029601609606E-001   5.157818167357789E-001
   4.806945147501735E-001   6.129865455155269E-002   8.925711823086093E-001
  -7.139393789316182E-001
          33  -4.573303950564325E-001        1.170734265407505
        1.287813999289698  -7.417291658547347E-001   1.105762322777759E-001
   5.801304570535051E-001
          34  -4.540193131778764E-004        4.281012719299565
   8.954646231815681E-001  -6.223823342954306E-002   5.905580488047135E-002
   1.744183431259146E-002
          35   1.862732645356977E-001   4.356252962906319E-001
        1.912016092834223   1.037566656921965E-001  -2.478769031020352E-001
   4.321099331558013E-001
          36   7.298513730654578E-002   4.869514028870954E-001
       10.654813397238070  -1.123018310852146E-001  -2.855602949755274E-001
   6.995771957340481E-001
          37   6.355617173973883E-003        1.228373629242159
       10.010910025424330   5.819757309568470E-001   7.754547705238729E-001
   6.969977158984705E-001
          38   2.090114166976674E-002        1.080542458154435
        8.727642512562943   2.338753323602603E-001  -4.097349460837109E-001
   6.949519979703601E-001
          39   2.183952413377591E-002   4.223987530092372E-001
        8.921697369374405   2.169802513125838E-001  -3.126284429891661E-001
   6.900133373742904E-001
          40   2.569867669286234E-001   2.644005428026909E-001
        2.135058184758219  -4.075624609101023E-003   2.206579108206815E-001
   6.883585258091582E-001
          41  -8.997740068914726E-001   5.205768770532847E-001
   2.973307945655416E-001   5.656781567179803E-002  -9.541121800530858E-002
  -9.699014894677118E-003
          42   1.440715353058597E-001   6.889776181928881E-001
        1.586680368425041   6.866992912656365E-002   8.236424707822677E-001
   2.875274219557754E-001
          43   4.930728633918397E-002   4.691979031875027E-001
        6.443821510293977  -1.459128263254673E-001   6.987393760774253E-001
   6.996286666084909E-001
          44   2.134940028519887E-002   3.182642248118107E-001
        9.359747387979306   2.119574037919706E-003   3.685084003637781E-001
   6.978620955716970E-001
          45   2.332369741624933E-001   3.465959847932240E-001
        3.709893769160172  -7.063541260284239E-003  -9.218968334130168E-002
   6.917252738591484E-001
          46   2.897754167433615E-004   1.963928099039718E-001
        2.613633257485294  -1.786178538268987E-002   6.823973159751252E-002
   1.328828871242036E-001
          47   1.095122342207896E-001   7.830923672125147E-001
        3.744968166589150   3.229975581840355E-001   6.383250986334269E-001
   6.914289042867979E-001
          48  -7.466370302511281E-002        2.259507509401062
        1.720537579334274       -2.007281004724830   1.184051282575092E-001
   6.256742937454789E-001
          49  -9.436965704749713E-002   4.610173426634248E-001
        9.251670045287186  -1.347975070809916E-001  -3.091159280648340E-001
   6.966058150543495E-001
          50  -3.132382459404313E-003   4.333780027918799E-001
        8.442737116828214   5.281287923966417E-002   2.430538684578319E-001
   6.976662773272325E-001
          51   1.673213787595015E-002   5.127972442347314E-001
        7.744968889793976  -1.084416500450938E-001   5.205191517523996E-001
   6.842067829898263E-001
          52   1.801829857647586E-003   9.130557813602043E-001
        3.640138497951658  -5.286516786430204E-002   2.211714913330460E-001
   2.032232961620353E-001
          53   2.196132164011289E-003   4.213640938156533E-001
        4.739443278317228  -3.987246889670851E-003   2.808558727343964E-001
   4.784457162979066E-001
          54   2.051865649826634E-002   1.799555667793591E-001
        1.482300559917766   2.104272298292125E-002   1.224752906331438E-001
   1.783860805828665E-001
          55   7.950061519169236E-004   1.277003710989306E-001
        5.239348163811950   9.484001852633981E-003   4.399346915674171E-001
   5.701175434354157E-001
          56   1.666340090143377E-004   7.781815297609411E-001
        8.715199240423475   6.362565165881875E-003   4.837611398246666E-001
   9.039399516852306E-001
          57   2.770474392812756E-001   2.129922303028277E-001
   4.951542655790104E-001   1.557630560629954E-002   1.396659679974485E-002
   1.007445156917569E-001
          58  -9.138231719611567E-003   2.563041482027035E-001
        7.337450250944108   2.849989854019440E-003   4.566172195052187E-001
   6.985793719801470E-001
          59  -4.854165941876452E-004   9.089946948037132E-002
        3.077222460760960   5.176500171138907E-003   1.614570002998707E-001
   3.004111720113112E-001
          60   4.930958906081879E-005   8.266902614186820E-002
        8.529092782652358   6.834555793004007E-003   5.603182101852710E-001
   8.534580279230578E-001
          61   1.733177685251409E-002   2.481909522397552E-001
        6.841304774032777   1.087618025970513E-001   2.081719145408839E-002
   7.026166230757300E-001
          62   5.612574190861884E-003        1.065742179097251
        7.085083039249128   2.039473653486335E-002   2.648620213581233E-001
   7.285945454209404E-001
          63  -8.078283844303627E-004   7.857237668281196E-001
        8.121002448382086   7.600388668592936E-003   4.483172200063519E-001
   8.047574417545798E-001
          64   4.892855842257260E-003        1.190284801369732
       21.099258553922450  -8.478133003757206E-002   6.574250600234269E-001
  -7.011694419124619E-001
          65   1.450971365458595E-005        9.237055731267338
       81.930029379334760   1.141608017762725E-006   7.005575652910643E-001
  -7.005500920975187E-001
          66   4.755192797073709E-004       43.547928421037060
        1.867240938352736  -4.740796313064964E-004   7.004507534044687E-001
  -7.005203859000755E-001
          67  -3.373841091385175E-005       14.630261280017040
       18.316652682587850  -1.287029566639656E-006   7.005460355424695E-001
  -7.005356076272049E-001
          68   1.813610545728050E-004       77.642884055852930
        1.074559752323961  -1.339780123437867E-002   7.004833708380954E-001
  -7.004458598463851E-001
          69   1.890915411556322E-005       36.846192096578160
        1.027885614721048   6.834080216059268E-003   7.002986566505034E-001
  -7.006105123180607E-001
          70   2.872751579946226E-004       92.156773414439530
   4.104694366303344E-001  -5.464085682228319E-004   7.005647532384959E-001
  -7.005490456801096E-001
          71   1.540561255394953E-006       22.263073811609430
       60.808032656653590   1.665788209265195E-007   7.005522290815324E-001
  -7.005531143623768E-001
          72  -1.973105942871389E-003       28.845496599690350
        1.338419109413358  -3.795374853048635E-003   7.008750103169812E-001
  -7.003794465546672E-001
          73   6.506552759959432E-005       20.240614702898370
       34.744247197304820   1.316892052270931E-007   7.005493270641849E-001
  -7.005575979253731E-001
          74  -4.309300612769674E-005       45.924484595609920
       20.747228428576680  -5.448837172289063E-007   7.005423669189619E-001
  -7.005479108861552E-001
          75   1.004766710995900E-003   8.501648129169118E-001
       39.921114811551320  -8.869833273591774E-005   7.004951517592258E-001
  -7.008119395189784E-001
          76   1.516912328374101E-006       62.275105713420940
       81.730508802585290  -1.296803569936211E-010   7.005499990275799E-001
  -7.005499916561695E-001
          77  -9.179685453061146E-006       45.686438654522550
       30.012851924303890  -4.275352962904564E-008   7.005498175628155E-001
  -7.005494771769781E-001
          78   1.248126067940962E-003        4.462563172389000
       12.464749359917640   2.225122917616543E-006   7.005559671402492E-001
  -7.005620052312789E-001
          79  -6.161146452495046E-004        8.191327388126011
        3.600019666684633  -2.296052263434994E-006   7.005457312119928E-001
  -7.005480786538235E-001
          80  -1.963306595147625E-005       88.452696808351190
   9.552501546386820E-002   7.847381004555557E-005   7.005499020336616E-001
  -7.005500049226849E-001
          81   8.694174706036362E-005   1.859033460479742E-001
       73.756253589924870  -1.881468966243970E-006   7.005497501267602E-001
  -7.005524081688408E-001
          82  -1.515872116621984E-005        3.289165726332676
       71.325302122327330   2.123472225843659E-010   7.005500010311856E-001
  -7.005497454221181E-001
          83   1.338102309593291E-005   4.504416078113617E-001
   9.975178259332469E-001  -3.978443110762603E-002   3.338719153442092E-001
  -8.607883942762640E-001
          84   1.022765469043877E-005   3.821572149522755E-001
   6.723100609393750E-001   1.950987929284267E-002   3.384841822268378E-001
  -6.400357904373174E-001
          85  -5.007703894244590E-005   3.899818794323915E-001
  -2.215881783632705E-001  -1.672138167181844E-001   3.331433222663021E-001
  -7.551591956199032E-002
          86   1.372860596355332E-005   5.726085843067709E-001
   9.676597448853439E-001   4.457380009067347E-002   5.642840009888339E-001
  -9.505066751419924E-001
          87   2.070015532202376E-005   7.826896209353288E-001
   6.465160903109344E-001  -1.788635748129244E-002   7.335802248587400E-001
  -5.967345852575835E-001
          88   9.888127336258394E-006   3.120063983528842E-001
   6.750030109486276E-001   2.080179457375373E-002   2.298330946918696E-001
  -6.339338723258688E-001
          89   2.686706450262231E-005  -2.147987772498096E-001
   8.873354501975043E-001   2.330814963362046E-002   2.152042986922797E-003
  -8.833745205802126E-001
          90   1.790508275052418E-005   5.714058298195249E-001
   8.566201324403732E-001  -2.538308821876921E-002   5.202438029135668E-001
  -7.797681234053686E-001
          91   2.781872746162137E-006   9.859210753623471E-001
   7.739143337092054E-001  -1.104616876624046E-001   9.160094242030865E-001
  -7.209756980645240E-001
          92   8.187882754089546E-006   8.462724208841439E-001
   4.150207332306857E-001  -1.183737597525903E-001   7.018166557485683E-001
  -1.513933077907453E-001
          93   1.143637892125874E-005   8.138834591385908E-001
   5.584651867009287E-001  -1.186478201429227E-001   6.817390316231907E-001
  -3.296360856129276E-001
          94   1.350494668217989E-005   2.482261882307582E-001
   7.186697988953062E-001   3.867747225916509E-003   1.527370973066077E-001
  -6.736049980646708E-001
          95   5.766115225015160E-005  -5.961510250578078E-002
        1.007133482075493   8.144119836195113E-002   3.306939622285302E-002
  -9.784319034242537E-001
          96   9.468553322220028E-006   5.149032384645074E-001
   5.742099189308505E-001   5.544667265250976E-002   2.707850894598062E-001
  -4.498037023693632E-001
          97   1.574427950469256E-005   4.660308115507488E-001
   9.124296724804429E-001  -2.846546441049177E-002   3.477341423321508E-001
  -7.848862595815840E-001
          98   1.081580441749607E-005   6.259971256158242E-001
   4.837985876922851E-001   7.790666943906891E-003   6.061043474811181E-001
  -4.637000457853135E-001
 :END:
 
