      LinCoeff:.   AA1:        AA2:        B12:        RZ1:       RZ2:
 FNC: ======================================================================
  1   .4548D-01   .9800D-01   .2095D+00  -.1033D-01  -.3871D+00  -.5568D+00
  2   .1480D+00   .3306D+00   .1660D+00  -.2659D-02   .4971D+00  -.6077D+00
  3  -.5347D-01   .3074D+00   .1669D+00   .9689D-01  -.4914D+00   .1061D+00
  4   .4373D-01   .1193D+01   .1577D+00  -.9903D-02   .4636D+00   .6689D+00
  5   .6506D-01   .8358D-01   .7137D+00  -.2714D-02  -.7796D-01   .5700D+00
  6   .1253D+00   .4895D+00   .2489D+00  -.1579D-01   .4940D+00   .4913D+00
  7  -.5042D-01   .7224D+00   .3186D+00   .2641D+00  -.5820D+00  -.1073D+00
  8   .2362D-01   .5442D+01   .3405D+00  -.1124D-01   .6907D+00  -.5839D+00
  9   .1435D+00   .3623D+00   .7377D+00  -.9972D-02   .6022D+00  -.5770D+00
 10   .4724D-01   .7918D+00   .1977D+01  -.1761D-01  -.6219D+00   .6758D+00
 11  -.9966D-02   .1695D+01   .5605D+00   .1023D+01  -.5993D+00  -.1019D+00
 12   .1195D-03   .5451D+00   .8047D+03  -.5913D-01  -.2114D+00   .7005D+00
 13   .1348D-01   .7300D-01   .3493D+01   .1418D-02   .2722D-01  -.6726D+00
 14   .8916D-02   .1187D+00   .1169D+02   .4072D-02   .1477D+00  -.6891D+00
 15   .5539D-01   .4976D+00   .1168D+01  -.1217D-01  -.4356D+00  -.6945D+00
 16  -.2485D-02   .5983D+00   .4313D+00   .4046D+01  -.7555D+00   .1258D+00
 17   .7559D-02   .5655D+01   .1993D+01  -.4331D-01   .6768D+00  -.6518D+00
 18   .6076D-01   .1675D+01   .1738D+00  -.1095D-02  -.6642D+00   .6354D+00
 19   .2092D-01   .3499D+01   .2712D+00  -.3696D-01  -.6711D+00  -.6923D+00
 20   .4313D-02   .5448D+00   .1362D+02  -.1061D+00  -.6980D+00  -.6925D+00
 21  -.5190D-02   .2169D+00   .3252D+00   .1123D+01  -.8988D+00  -.6860D-01
 22   .4721D-02   .7427D+00   .1692D+02  -.3518D-02  -.6383D+00   .6975D+00
 23  -.3191D-04  -.2322D+00   .2437D+01   .2178D+03  -.3427D+00   .4284D+00
 24   .3041D-02   .2853D+00   .4033D+02  -.3344D-01  -.2975D+00   .6975D+00
 25   .5832D-03   .1079D+03   .9902D+00   .3411D-01  -.7008D+00   .7391D+00
 26   .1035D-01   .3564D+01   .1299D+01  -.1650D+00   .6513D+00   .6121D+00
 27   .3866D-03   .9510D+00   .8731D+02  -.2552D-01   .6192D+00   .7013D+00
 28   .7593D-03   .2520D+02   .5031D+01   .4964D-01   .7059D+00  -.6973D+00
 29  -.3063D-03   .1143D+01   .3350D+00   .2431D+02   .7858D+00  -.8024D+00
 30   .2187D-01   .6626D+00   .1313D+01  -.6758D-01  -.6438D+00  -.1637D+00
 31   .6111D-02   .2723D+00   .3068D+01  -.3366D-01   .2733D+00  -.3191D+00
 32  -.5295D-04  -.3703D+00   .1088D+01   .7068D+02  -.9343D+00  -.3804D-01
 33   .6659D-03   .1736D+02   .4751D+01  -.1644D+01  -.6887D+00  -.6890D+00
 34  -.7331D-03   .1265D+00   .3944D+01   .8092D+01  -.1514D+01  -.5360D+00
 35   .5177D-03   .2121D+03   .2380D+00  -.7225D-01  -.6998D+00  -.1747D-01
 36  -.3091D-04   .1556D+02  -.3699D+00   .5423D+02   .6671D+00  -.5155D+00
 37   .4105D-04   .8739D+01   .2568D+03   .1007D+00   .7112D+00  -.7004D+00
 38   .3495D-03   .6935D+02   .7163D-01   .1372D+00   .6951D+00   .2970D+01
 39   .4775D-03   .2941D+01   .4625D+01   .8042D-02   .9399D-01   .9274D+00
 40  -.2870D-05   .1145D+01  -.8014D-01   .2043D+04  -.4908D+00  -.4817D+00
 41  -.1711D-03  -.4452D-01   .4134D+00   .1322D+02   .1520D+01  -.1563D+00
 42   .2975D-02   .2132D+00   .6658D+00   .1085D-01  -.2801D+00   .1703D+01
 43   .1043D-02   .3483D-01   .2414D+01   .1818D-01  -.1989D+01   .6326D-01
 44  -.8457D-04   .5403D+01   .8199D-01   .3679D+01   .1359D+01  -.1226D+01
 45   .5550D-02   .3463D+00   .3340D-01   .1402D-01   .2390D+00  -.3012D+01
 46   .1118D-04   .6384D+04  -.3915D+00   .8744D+00  -.7007D+00  -.2011D+01
 47   .6625D-03   .2627D-01   .4296D+02   .4119D-01  -.9901D+00   .7013D+00
 48   .9427D-04   .1975D+00   .1923D+02   .1587D+00   .1562D+01   .3543D+00
 49   .3451D-06  -.2789D-01   .4294D+03   .5362D+01   .5835D+00  -.9079D+00
 50  -.1413D-02   .1390D+00   .7666D-01   .2689D+00   .9898D+00   .6933D+00
 51   .2305D-04   .2291D+04   .6608D-01   .2155D-01  -.7005D+00   .1322D+00
 52   .6776D-03   .2201D+01   .3674D-01   .2715D-01   .1280D+01   .3758D+00
 53   .1779D-04   .7324D+03   .1188D+01  -.4213D+00  -.7010D+00  -.1385D+01
 54   .7035D-05   .2101D+01   .4664D+03   .8329D+01  -.1313D+01  -.6719D+00
 55  -.8046D-04   .1629D+01   .7676D+01   .3744D+01  -.5170D+00   .8643D+00
 56   .1071D-03   .2811D-01   .1285D-01   .8799D-02   .6320D+00  -.8928D+00
 57   .5137D-04   .1514D+01   .1179D+02   .1201D-01  -.1684D+01   .4722D+00
 ---------------------------------------------------------------------------
 ENERGY=      -1.174468268072532   --->   ||g||^2 =   7.952435491310010E-007
 
 :BEGIN:
          57
           1   4.548164798871095E-002   2.960906892346393E-001
   4.449244849204742E-001   3.488874574533696E-002  -3.870994958206217E-001
  -5.567587539988583E-001
           2   1.479807086426510E-001   5.726321373161644E-001
   4.041411520470183E-001   4.643528882732939E-003   4.971216032655533E-001
  -6.077215818879973E-001
           3  -5.347190203970208E-002   6.358717205378475E-001
   4.904874864696651E-001  -1.523677472824147E-001  -4.913660059194575E-001
   1.060593744336510E-001
           4   4.372680785499932E-002        1.087828174119300
   3.843559911615657E-001   9.103070541396119E-003   4.635916321148804E-001
   6.688509579021250E-001
           5   6.505519794247865E-002   2.843640204542020E-001
   8.431642236004999E-001   9.544335017839533E-003  -7.795879583505125E-002
   5.699517578185056E-001
           6   1.252569365672707E-001   6.882535064974248E-001
   4.822351075212315E-001   2.294293284370349E-002   4.940251413111594E-001
   4.913089809424299E-001
           7  -5.041989826875844E-002   9.932380624707964E-001
   7.155189987422637E-001  -2.658949408101182E-001  -5.820093099310000E-001
  -1.073445076409732E-001
           8   2.361663527022239E-002        2.330475847226111
   5.737916298987913E-001   4.821482221556189E-003   6.906701068276779E-001
  -5.839149361593640E-001
           9   1.434811171780888E-001   5.935998013696487E-001
   8.528879263219926E-001   1.679964836738956E-002   6.021561575992366E-001
  -5.769611749056853E-001
          10   4.724367128154277E-002   8.798577221188043E-001
        1.399684146623609   2.001306002473276E-002  -6.219376163442840E-001
   6.758012025876786E-001
          11  -9.966308984845984E-003        1.648791825517740
        1.094836881087193  -6.207575467907095E-001  -5.993190024426025E-001
  -1.019226319549144E-001
          12   1.194738024845140E-004   6.971375653526514E-001
       28.366313215339180   8.482350353428297E-002  -2.114411299198609E-001
   7.005130965315460E-001
          13   1.347875352239688E-002   2.727892168408878E-001
        1.869334466921258  -5.199431561527723E-003   2.721896207532571E-002
  -6.725757439358827E-001
          14   8.915945991842885E-003   3.504536773066698E-001
        3.418977678892438  -1.162015377778963E-002   1.476904858485390E-001
  -6.891418357616475E-001
          15   5.538831965878596E-002   6.967197554383546E-001
        1.074936777772216   1.746082478053438E-002  -4.356205073619863E-001
  -6.944858953815495E-001
          16  -2.484690886890249E-003        2.154982411781797
   9.759658746458816E-001       -1.877360194717618  -7.555182593383367E-001
   1.258331141947752E-001
          17   7.559200006552783E-003        2.368871671723174
        1.396153651376436   1.828336835838448E-002   6.767512965454710E-001
  -6.518366969177860E-001
          18   6.076339560944918E-002        1.293934508835357
   4.156087623943608E-001   8.461859716580914E-004  -6.642174095448117E-001
   6.353778901012861E-001
          19   2.092125071286198E-002        1.860740494655245
   4.835752279895759E-001   1.986447330041645E-002  -6.710986475322132E-001
  -6.922611772845212E-001
          20   4.313263070479643E-003   6.622941044934037E-001
        3.672529550839809   1.602387977293842E-001  -6.980437031481526E-001
  -6.924797000632982E-001
          21  -5.189578009230367E-003        1.157491677329448
   7.120212929233748E-001  -9.700894233093517E-001  -8.987622389327092E-001
  -6.859615101381412E-002
          22   4.720509344639336E-003   8.597376633634714E-001
        4.112603910942488   4.091741357706882E-003  -6.383073071823886E-001
   6.974968186678127E-001
          23  -3.190877868637691E-005       14.751182749640810
        1.484836614567030      -14.766922607172880  -3.426587914664989E-001
   4.284418376816622E-001
          24   3.041328707910520E-003   5.018879732591187E-001
        6.347282756623285   6.663131919723173E-002  -2.975074525798644E-001
   6.974771349150587E-001
          25   5.832477369263042E-004       10.387053138100630
        1.012070555991810  -3.283450025059785E-003  -7.008093799596818E-001
   7.391228988796890E-001
          26   1.034913927474350E-002        1.843530243992827
        1.061285494420805   8.951168956479703E-002   6.513303053080507E-001
   6.121020405141088E-001
          27   3.866031174051389E-004   9.620410248162327E-001
        9.342672843290012   2.652179528747774E-002   6.192318765229844E-001
   7.012920167103118E-001
          28   7.592901965619072E-004        5.024568672008406
        2.253976983099642  -9.880055922113575E-003   7.059299410194541E-001
  -6.972735406970115E-001
          29  -3.063382402144941E-004        5.044778504217725
        1.194541317023846       -4.818154434052596   7.857831630906214E-001
  -8.023642232059380E-001
          30   2.187035734732534E-002   7.713596490392378E-001
        1.112746906218272   8.761124677083093E-002  -6.437643819092285E-001
  -1.637140067129034E-001
          31   6.110592931519396E-003   4.885253027843244E-001
        1.740656876586697   6.889848304136548E-002   2.732676801128282E-001
  -3.191334648055551E-001
          32  -5.294715741999415E-005        8.385047396379683
   8.458650645359265E-001       -8.429214612292768  -9.342821629336203E-001
  -3.804219867160411E-002
          33   6.659299884294455E-004        3.964457830552940
        1.713460308916285   4.145650745979714E-001  -6.886540297629313E-001
  -6.890310512503262E-001
          34  -7.331099078286904E-004        2.866723672657799
        2.017132491014097       -2.822585822482855       -1.513830834478482
  -5.360282191417818E-001
          35   5.177441434073786E-004       14.560752164837100
   4.071468766133586E-001   4.961982830837737E-003  -6.998076713405610E-001
  -1.747313217369832E-002
          36  -3.091103297118039E-005        8.354229368774551
        3.423477562690017       -6.491897192841309   6.670896479000215E-001
  -5.154556978491782E-001
          37   4.105252190098876E-005        2.973236817919903
       16.028548370498790  -3.388001173220159E-002   7.112406809134292E-001
  -7.004070759199407E-001
          38   3.495148884351767E-004        8.335611792515429
   4.566634545190225E-001  -1.645718357474026E-002   6.950864518571954E-001
        2.969981223559369
          39   4.775282099014678E-004        1.717416665937299
        2.152368706345836  -4.682408243752619E-003   9.398796753493993E-002
   9.273725684419236E-001
          40  -2.870468335703482E-006       45.213415184160620
        1.031763273747374      -45.188083918552270  -4.907590817825487E-001
  -4.816532082546057E-001
          41  -1.711084102955765E-004        3.630104475799302
   6.072687397792005E-001       -3.642368524753803        1.520034438521881
  -1.562561083093398E-001
          42   2.974617569952851E-003   4.733360334316594E-001
   8.222570091347302E-001  -2.291610072016696E-002  -2.800959276072290E-001
        1.702981016455790
          43   1.043155287106816E-003   2.302278106330881E-001
        1.557628720858310  -7.894535961227922E-002       -1.988962481227947
   6.326255768229977E-002
          44  -8.457137216074413E-005        3.013713620395110
        1.506900013361543       -1.220749300932953        1.358801118802929
       -1.226421459635660
          45   5.549827371082054E-003   6.002436386476715E-001
   2.165018380941419E-001  -2.335656721325705E-002   2.389634723496277E-001
       -3.011743801386397
          46   1.117664764138781E-005       79.902819306228140
   6.948848648596073E-001  -1.094387840594412E-002  -7.006854847538369E-001
       -2.011336997956837
          47   6.625376893712403E-004   2.597297024300166E-001
        6.555234452003527  -1.585839382244728E-001  -9.901321332018594E-001
   7.012922264512940E-001
          48   9.426882438959791E-005   5.968265018191958E-001
        4.395095472300032  -2.659149297752244E-001        1.561943110648153
   3.543068654967942E-001
          49   3.450976015769265E-007        2.309656715080886
       20.720191964366500       -2.321733962495798   5.834687203601097E-001
  -9.078520442505081E-001
          50  -1.413484229960936E-003   6.386109312588323E-001
   4.102123313916579E-001  -4.210094154052872E-001   9.898217131183115E-001
   6.933365010887266E-001
          51   2.304605681140887E-005       47.863502513621530
   2.960106686064143E-001  -4.501761855487672E-004  -7.004529600738289E-001
   1.322167745226328E-001
          52   6.775711413853514E-004        1.492782050037684
   2.521063181659643E-001  -1.818757674837702E-002        1.280282366005190
   3.757542158426617E-001
          53   1.779205759730451E-005       27.055502843799770
   8.752190515902582E-001   1.557140285693879E-002  -7.010470402746757E-001
       -1.385069160866931
          54   7.034793237625644E-006        3.229490202952058
       21.634826426939710       -2.579018116766511       -1.312770975303794
  -6.718650806824286E-001
          55  -8.046145303929427E-005        2.318097253203849
        2.968411580805829       -1.615233129444486  -5.169577587811727E-001
   8.642961892206864E-001
          56   1.071302661559057E-004   1.921049619217765E-001
   1.398313823255342E-001  -4.580267119701446E-002   6.319994959527157E-001
  -8.928048878654674E-001
          57   5.136714287094839E-005        1.235487840443851
        3.435832593146865  -9.720768642184930E-003       -1.683876357724861
   4.721868351918491E-001
 :END:
 
