      LinCoeff:.   AA1:        AA2:        B12:        RZ1:       RZ2:
 FNC: ======================================================================
  1   .1174D+00   .4682D+00   .2784D+00  -.8348D-02   .4983D+00  -.6483D+00
  2   .1124D+00   .6733D+00   .3246D+00  -.8964D-02   .5477D+00   .4424D+00
  3   .4076D-01   .5870D+00   .9735D+00  -.3550D-01   .6365D+00  -.3247D+00
  4  -.6633D-01   .2306D+00   .4698D+00   .1264D+00  -.1478D+00  -.5310D+00
  5   .6900D-01   .7885D+00   .1317D+00  -.9264D-03   .6226D+00  -.5637D+00
  6   .3465D-01   .1680D+00   .1161D+01  -.1101D-01  -.7146D+00  -.3568D+00
  7   .4407D-02   .2524D+01   .3639D+00  -.4277D-01  -.1080D+00  -.5928D+00
  8  -.3641D-01   .1262D+01   .4453D+00   .1953D+00  -.6245D+00  -.2656D+00
  9   .5298D-01   .6227D+00   .1520D+01   .1267D-01   .4659D+00   .6336D+00
 10   .2670D-01   .9708D+00   .2310D+01  -.1316D-01  -.6460D+00   .6815D+00
 11  -.5011D-02   .1685D+01   .7862D+00   .1041D+01   .5763D+00   .1164D+00
 12   .1260D-03   .6739D+00   .3057D+03  -.9920D-01   .2186D+00  -.7004D+00
 13   .8226D-02   .1625D+00   .1007D+02  -.4699D-02  -.1707D+00  -.6944D+00
 14   .5498D-02   .1666D+01   .4374D+01  -.1723D+00  -.6415D+00  -.6683D+00
 15  -.1289D-02   .1146D+01   .7202D+00   .4971D+01   .3203D+00   .6521D+00
 16   .1035D-02   .3031D+00   .7707D+02  -.6033D-01   .2058D+00  -.6976D+00
 17   .4324D-02   .5653D+01   .2461D+01  -.2565D-01   .6871D+00  -.6701D+00
 18   .5342D-01   .1896D+01   .2365D+00  -.1086D-01   .6382D+00  -.4994D+00
 19  -.4156D-04  -.8136D+00   .2307D+01   .1426D+03   .1068D+01   .6999D+00
 20   .3373D-02   .1049D+01   .1288D+02  -.1561D-01   .6837D+00  -.6924D+00
 21   .1566D-01   .3223D+00   .3854D+01  -.3586D-01  -.6356D+00  -.6735D+00
 22   .3088D-02   .6518D+00   .1142D+02  -.9472D-01  -.6797D+00  -.6819D+00
 23  -.3830D-02   .5418D+00   .2870D+00   .2039D+01   .1936D+00   .8322D+00
 24   .7857D-03   .1266D+01   .5477D+02  -.1955D-01  -.6517D+00   .6984D+00
 25   .5928D-03   .5709D+01   .2215D+02  -.1658D-01   .6833D+00  -.7002D+00
 26   .9329D-01   .1732D+00   .3354D+00  -.1064D-01   .3726D+00   .4934D+00
 27  -.8654D-04   .1090D+00   .3723D+01   .3796D+02   .1089D+01  -.5145D+00
 28   .2833D-05   .4027D+04  -.3668D-01   .6363D+00  -.7002D+00   .7202D+00
 29   .1850D-01   .5082D+01   .4229D+00  -.1121D-01   .6786D+00  -.6147D+00
 30   .4896D-01   .1024D+01   .4467D+00   .3420D-02  -.7664D+00   .6395D+00
 31   .6333D-02   .1113D+00   .4426D+01   .2099D-01  -.1171D+01   .7525D+00
 32   .4325D-04   .1446D+03   .5824D+01  -.2990D+01  -.7013D+00  -.6791D+00
 33   .8708D-04   .6184D+03  -.2246D+00   .4629D+00   .7019D+00   .1843D+01
 34  -.1500D-05   .1394D+01   .4204D+00   .1756D+04  -.6219D+00   .5399D-01
 35  -.5084D-03   .1303D+01   .5975D+01   .4231D+01  -.4220D+00  -.6569D+00
 36  -.9841D-04   .6606D+00   .2630D-02   .3802D+02   .3605D+00  -.1704D+00
 37   .1363D-03   .1765D+03   .9845D-01   .3984D+00  -.6976D+00  -.1615D+01
 38   .3523D-03   .2545D+02   .3101D+01  -.7689D+00   .6929D+00   .6955D+00
 39   .2103D-03   .1753D+00   .5364D+02   .1511D-01  -.8404D+00  -.7071D+00
 40   .1352D-04   .2783D+01   .9005D+03  -.1032D+00  -.6989D+00   .7002D+00
 41   .2819D-02   .1536D+01   .2106D+01  -.1391D+00  -.6696D+00  -.1023D-02
 42   .4148D-01   .5242D+00   .7848D-01  -.3239D-02  -.4663D+00  -.4152D+00
 43   .1222D-01   .3350D+01   .1002D+00   .3152D-02   .5827D+00   .1307D+00
 44  -.1306D-01   .6272D+00   .4376D+00   .4758D+00  -.1161D-01   .7077D+00
 45  -.5266D-04   .2008D+00   .1774D+01   .1950D+01  -.4763D+00   .1250D+01
 46   .4742D-06   .7590D+02   .5475D+00   .2576D+02   .7193D+00   .1178D+01
 47   .6327D-01   .2443D+00   .1396D+00  -.2860D-03   .4500D+00  -.7857D+00
 48   .1833D-04  -.4842D-01   .1787D+02   .3340D+00  -.1589D+01   .3081D+00
 49   .1948D-03   .8159D-01   .2028D+03   .3170D-01   .5131D+00  -.7007D+00
 50   .1229D-01   .1745D+01   .1453D+00  -.1016D-01   .8330D+00   .7772D+00
 51   .4265D-02   .3246D+00   .2098D+02   .5079D-02  -.6281D+00   .6988D+00
 52  -.2614D-01   .2053D+00   .1295D+00   .6576D-01   .1679D+00  -.6396D+00
 53  -.3789D-03   .7431D+00   .6305D+00   .1498D+02   .2970D+00  -.1322D+01
 54  -.4898D-05  -.9181D-01   .8839D+00   .5914D+03  -.1615D+01   .1330D+00
 55  -.3818D-02   .1591D+00   .2435D+00   .7100D+00  -.8294D+00   .5736D-01
 56  -.2511D-05   .2281D+00   .1051D+02   .5957D+03   .2103D+01  -.6857D+00
 57   .1404D-02   .1024D+00   .3116D+02  -.1135D-01   .2393D+00  -.6986D+00
 58  -.9295D-05   .3646D+02   .2502D+03   .2615D-01  -.7043D+00   .7018D+00
 59   .2575D-03   .8624D+01   .9538D+01  -.4283D+00  -.6410D+00  -.7207D+00
 60   .3086D-04   .2244D+02   .1494D+03   .1589D+01   .8017D+00  -.7172D+00
 61   .2109D-01   .1743D+00   .8249D-01  -.5769D-02   .4798D+00   .1238D+00
 62   .6416D-03   .4380D+02   .8579D+00  -.2533D+00  -.7004D+00  -.5133D+00
 63   .1390D-02   .7932D+01   .1061D+01  -.1829D+00  -.7019D+00   .6733D-01
 64   .5467D-05   .1976D+04  -.8595D-01   .9407D+00  -.7000D+00  -.1310D+01
 65   .2623D-02   .5374D+00   .2672D+00  -.9534D-02   .1536D+01   .4428D+00
 66   .1744D-02   .7587D+01   .5743D-01   .7734D-03  -.7036D+00  -.5668D+00
 67   .1360D-09   .2590D+00   .5147D+06   .5326D-02   .1249D+01  -.8150D+00
 68  -.4272D-04   .1138D+01   .4828D+01  -.5585D-01   .1706D+01  -.9885D+00
 69  -.3863D-03   .7398D-01   .3927D+00   .7255D+01   .1474D+01   .1656D+00
 70  -.5241D-04   .4416D+00   .5637D+01   .2081D+02  -.1084D+01   .9053D+00
 71  -.2791D-04   .1105D+01   .2235D+02   .1394D+02   .4261D+00  -.7021D+00
 72  -.1691D-02   .3189D+00   .3753D+01   .8671D+00   .2147D+00   .6849D+00
 73   .1340D-01   .1585D+01   .6586D-01  -.1533D-02   .5985D+00  -.2852D+00
 74   .3159D-09   .2630D+00   .2567D+06   .4715D-01  -.3769D+00   .8109D+00
 75   .1384D-04   .2949D+04   .6813D-01   .7311D-01   .7010D+00  -.1269D+01
 76  -.8793D-05   .6719D+01   .1528D+02   .7991D+02   .7026D+00   .6920D+00
 77   .4955D-04   .2448D+03   .2838D+01   .5496D+00  -.7038D+00   .9133D+00
 78   .1446D-02   .5512D-01   .4859D+00   .2834D-02   .8013D+00  -.1515D+01
 79   .8069D-03   .1593D+00   .2942D+02   .5134D-01  -.1205D+01  -.6866D+00
 80  -.3266D-06   .9382D+00   .6110D+00   .8850D+04   .1189D+01  -.3671D+00
 81   .2547D-04   .8288D-01   .7801D+03   .1003D+00   .1893D+01   .6966D+00
 82   .1530D-10   .1669D+06  -.5535D+01   .5824D+01  -.7024D+00   .1773D+00
 83   .1511D-02   .2176D+00   .9520D+01  -.7801D-01   .5192D+00  -.6191D+00
 84  -.1284D-06  -.3722D-01   .1190D+06   .2233D+00  -.8236D-01   .7006D+00
 85   .3262D-02   .3131D+00   .3626D-01   .6987D-02   .3949D+00  -.2301D+01
 86   .7173D-05   .6139D-01   .7278D+03   .1959D+01   .1486D+01  -.7019D+00
 87   .5313D-06  -.7696D-01   .8464D+05   .2849D+00  -.1954D+01  -.7006D+00
 88   .1956D-07   .2254D+05  -.1828D+00   .3744D+00   .7077D+00  -.1889D+00
 89  -.8263D-06   .6267D+01   .1095D+02   .8636D+01   .1021D+01  -.8173D+00
 90  -.2383D-05   .3467D+00  -.1897D+00   .1448D+03  -.6421D+00  -.1144D+01
 91   .6055D-05   .4922D+02   .7914D+02   .2979D-01   .7394D+00   .6683D+00
 92   .3699D-04   .9709D+01   .1354D+01  -.1223D-01   .1279D+00  -.7720D+00
 93   .1095D-04   .4677D+01   .1702D+02   .1475D+02   .5970D+00  -.7868D+00
 94   .1511D-03   .1651D+03   .4509D+00   .1363D+00  -.7028D+00   .1330D+01
 95  -.7252D-04   .4103D+01   .2941D+00   .8739D-01  -.1244D+01  -.2019D+01
 96   .5240D-04   .1733D+02   .2204D+00   .2931D+00   .9032D+00  -.1809D+01
 97   .7413D-04   .1440D+01   .5363D+01   .8344D-01  -.4683D-01  -.1245D+01
 98  -.2630D-04   .6397D+00   .2581D+02   .9723D+00  -.1217D+01   .5254D+00
 99   .1528D-09   .4379D+06   .1189D+02  -.1148D+02  -.7162D+00  -.1458D+01
100  -.1793D-04   .1551D+02   .3223D+01  -.1114D+00   .8467D+00  -.1060D+01
101  -.1388D-08   .1002D+00   .1907D+06   .1228D+00   .5396D+00  -.7168D+00
102  -.9045D-06   .8267D-01   .3083D+04   .9118D-02  -.1597D+01   .7082D+00
103   .1181D-03   .2236D-02   .1148D+03   .8201D-01   .1465D+01  -.6985D+00
104  -.1533D-03   .1948D+01   .3620D+01   .3337D+01   .7733D+00   .1031D+01
105  -.3693D-06   .1342D+01   .1317D+04   .4289D-01  -.7460D+00   .7537D+00
106   .1250D-04   .2879D+01   .1063D+02   .3877D-01   .1565D+01   .8824D+00
107  -.9167D-03   .8443D+00   .9755D+00   .7189D+00   .1144D+01   .9090D+00
108   .2033D-07   .2221D+05  -.2924D+00   .3990D+00  -.7292D+00  -.9817D+00
109   .7044D-07   .2480D+00   .4838D+06   .1777D-02  -.1286D+00  -.7006D+00
110   .3878D-06   .1216D+04   .4698D+00   .3614D+01   .6904D+00   .1808D+01
111  -.4334D-04   .2050D+01   .2559D+01   .3061D+01   .1180D+01  -.9666D+00
112  -.1399D-03   .1158D+00   .2621D+01   .1685D-01   .3269D-01  -.1533D+01
113   .1310D-04   .6927D+02   .5163D+00   .6688D+00   .7245D+00   .1732D+01
114   .1483D-02   .8963D+00   .1499D+01  -.6345D-01  -.1331D+01  -.6140D+00
115   .5105D-04   .6183D+01   .1429D+00   .1345D+01   .1168D+01   .6685D+00
116   .2943D-05   .1519D+05   .1117D+00   .1317D+00   .7003D+00  -.1442D+01
117   .1822D-06   .1220D+02   .1428D+05   .3517D-02   .5922D+00  -.6988D+00
118  -.1088D-05   .3780D+02  -.2897D-02   .1090D+02   .6867D-01  -.4334D+00
119  -.2808D-05   .1550D-03   .7239D+01   .7757D-02   .1552D+01  -.1526D+00
120   .2827D-03   .3966D+01   .5956D-01  -.1369D-01   .1035D+01   .4850D-01
121   .4268D-06   .1706D+04   .4078D-02   .8225D-02   .6988D+00  -.3150D+00
122  -.2183D-04  -.4087D-03   .2211D+02   .4322D-01  -.3529D-01  -.1041D+01
123   .1121D-04   .4986D+01   .1511D+02   .2560D+01  -.3655D+00   .9180D+00
124   .1698D-04   .2244D+04   .4997D+00   .1650D+00  -.7006D+00   .1143D+01
125   .1091D-05   .1403D+01   .1437D+05  -.1196D-02   .4978D+00  -.7007D+00
126  -.3908D-03   .3428D+00   .1199D+00   .3199D+00   .1887D+01   .1256D+01
127   .4471D-04   .6907D-01   .8955D+01  -.5121D-03  -.2128D+00   .1167D+00
128   .2015D-04   .3793D+01   .7578D-01   .2426D+01  -.1813D+01   .3564D+00
129  -.3135D-06   .1409D+04   .1005D+01   .6048D+00  -.7272D+00  -.1189D+01
130   .6697D-06   .1804D+00   .6396D+02   .9017D-03   .1291D+01   .2593D+00
131  -.1189D-05   .6653D+02   .1696D+02   .1298D-01   .9174D+00   .3630D+00
132  -.5814D-06  -.4570D-04   .4690D+04   .1401D+01  -.7667D+00   .6962D+00
133   .2925D-03   .1264D+01   .1081D-01   .1902D-01  -.1184D+00  -.1872D+01
134   .2680D-06   .2397D+04  -.5410D+00   .9479D+00   .7263D+00   .1132D+01
135   .1678D-04   .3666D+02   .7276D-02   .1538D-01  -.6228D+00   .1048D+01
136  -.1416D-04   .4313D+01   .1621D+02  -.4784D-03   .1288D-01  -.1233D+01
137   .5681D-07   .4221D+05   .9373D+01  -.3934D+00  -.7005D+00   .1024D+01
138   .7954D-07   .1541D+01   .4428D+05   .5462D-01   .2947D+00  -.7007D+00
139   .9644D-05   .1433D+02   .8994D+01   .4523D-02   .4854D+00  -.9225D+00
140   .9018D-07   .1204D-02   .2720D+05   .3991D-01  -.1588D+00   .6996D+00
141   .1183D-04   .7060D-01   .7865D+03   .5617D-02   .1708D+01  -.7025D+00
142   .3914D-05   .2109D+02   .1073D+02   .5937D+00  -.1150D+01  -.9741D+00
143  -.3532D-04   .6543D+01   .3747D-02   .3461D+01  -.6580D-01   .1935D+01
144  -.2756D-07   .8164D+00   .1827D+00   .6978D+05   .4085D+00   .8050D-01
145   .1027D-04   .1354D+01   .1091D-07   .7115D-02  -.9843D+00  -.8751D-01
146  -.2624D-04   .4853D-01   .4754D-03   .1771D+00   .1092D+00   .1073D+01
147  -.1929D-05   .4089D+02   .1158D+01   .4327D-01   .1481D+00  -.1197D+01
148  -.6842D-05   .1145D-04   .5403D+01   .1060D+02  -.2561D+01  -.1671D+01
149   .2795D-06   .1980D+02   .6551D+04   .4789D-02   .8572D+00  -.7049D+00
150  -.5906D-04   .4156D-01   .7072D+01   .4268D-03   .6050D+00  -.1287D+01
151  -.1640D-05   .3308D+02  -.2120D-05   .5894D-01  -.1014D-01  -.6674D+00
152   .1648D-04   .2041D-01   .1510D-01   .8116D-04   .1582D+01  -.1669D+01
153   .2778D-06   .1164D+05   .2424D-02   .4845D+01  -.7012D+00  -.2222D+01
154  -.1282D-05   .1962D-02   .1318D+03   .9036D-02  -.1376D+00   .5478D+00
155   .4659D-05   .1151D+00   .9359D+02   .8354D+00   .1043D+01  -.5304D+00
156  -.5393D-06   .7038D+01   .3374D-04   .4211D+03  -.7584D-01  -.9782D+00
157  -.6167D-06   .3680D+00   .8947D+02   .3743D+00   .1664D+01  -.1014D+01
158   .1383D-04   .5995D-01   .6355D+01   .3073D-03  -.3625D+00  -.1902D+01
159  -.4297D-05   .1012D+02   .3583D+01   .2280D-02   .1606D+01   .4952D+00
160  -.2713D-06   .6632D+02   .7628D+03   .1262D-01  -.5795D+00   .6895D+00
161   .2352D-04   .1140D+02   .2448D+00   .1294D-02  -.3086D+00   .1544D+01
162   .5949D-05   .1699D+01   .2350D+01   .7451D-04  -.1780D+01   .8537D-01
163   .1012D-04   .4124D+00   .1301D+02   .1042D+01  -.1548D+01  -.3017D+00
164  -.6357D-05   .2774D+02   .1101D-03   .4667D-01   .2487D+00   .2372D+01
165   .7240D-05   .1004D+02   .9908D+02   .2535D-03  -.7121D+00   .6581D+00
166  -.2181D-05   .1123D+03   .9512D+01   .1993D+00   .7566D+00   .2550D+00
167  -.2476D-04   .1977D+01   .1514D-04   .4337D-01  -.2086D+01   .1521D+01
168  -.4897D-05   .3025D+02   .7391D-05   .1544D+01   .1227D+01   .1812D+01
169   .1304D-05   .8949D+03   .7963D+02   .2433D-01  -.7053D+00   .6226D+00
170   .4186D-04   .1587D+02   .1141D+00   .5646D-01  -.9034D+00   .2112D+01
171   .2770D-05   .2698D+02   .4415D-01   .1007D+00  -.1346D+01   .6876D+00
172  -.8001D-05   .1397D-05   .1410D+02   .2010D-01   .2514D+01  -.4560D+00
173  -.8918D-06   .4235D+02  -.1363D-06   .6829D+00  -.3323D+00   .2955D+00
174  -.1334D-05   .4300D+01   .1443D-03   .8773D+02   .1194D+01   .1565D+01
175   .7696D-06   .8417D-05   .7441D+04   .5405D-01   .1668D+01  -.7027D+00
176  -.6069D-05   .5867D+02   .4043D+00   .1485D-03  -.9251D+00   .1142D+01
177  -.1272D-05   .1014D+01   .2792D+03   .4939D+00   .6462D+00  -.5783D+00
178  -.3618D-05   .1142D+01   .6626D+02   .5767D-03   .1559D+01   .5442D+00
179   .1603D-05   .1015D+03   .4142D+01   .1663D-03  -.4563D+00   .3748D+00
180   .1875D-05   .4664D+01   .1954D+03   .1960D+01   .1638D+01  -.7647D+00
181  -.6036D-04   .6677D+00   .1509D+01   .1419D+00   .2974D+00  -.2212D+01
182  -.1748D-03   .2485D+00   .3637D+01   .6797D+00  -.2309D+01   .5502D+00
183   .2694D-04   .4578D+01   .1008D+02   .3442D-01   .6399D+00   .1003D+01
184   .2821D-05   .9286D+02   .1328D-02   .2140D-01   .1009D+01   .1231D+01
185   .1074D-04   .6296D-01   .8937D+01   .8342D+01  -.1460D+01   .1266D+01
186   .8694D-04   .3735D+00   .9424D+01   .4846D-01  -.3611D+00  -.2437D+00
187  -.9881D-05   .2282D-05   .6062D-01   .3499D+01   .8004D+00  -.2225D+00
188   .8059D-05   .2474D-05   .4135D+02   .3345D-01   .1042D+01   .1220D+01
189   .2659D-04   .1559D+00   .9380D+01   .1645D-03   .1816D+01   .4074D+00
190  -.8957D-07   .2116D-02   .1534D+00   .4569D+04   .1922D+01  -.4311D+00
191  -.4291D-05   .8415D-01   .4984D+02   .7841D-04   .1545D+01  -.1209D+01
192  -.3066D-03   .2374D-04   .1320D+01   .1850D+00   .1133D+01  -.8425D+00
193   .3232D-04   .2353D+01   .7478D-01   .3080D+00   .1851D+01   .1775D+01
194   .2164D-05   .5189D+01   .9247D+01   .7594D+02  -.1155D+01   .1288D+01
195  -.1780D-04   .2243D+02   .6169D-04   .3006D+00   .1759D+00   .1803D+01
196   .2921D-05   .1619D+02   .1016D+03   .6214D+01   .4696D+00   .7019D+00
197   .8620D-04   .7866D+00   .2305D-01   .2759D-03   .1035D+01   .1802D+01
198   .1493D-04   .3493D+01   .4063D+01   .1196D+01  -.1251D+01   .1830D+01
199   .2901D-04   .1102D-04   .2661D+00   .1020D+01  -.7297D+00   .2118D+01
200   .2295D-04   .8295D+01   .5228D+01   .8421D-02   .8721D+00  -.4731D-01
201   .1729D-05   .1005D-01   .1077D+03   .2448D-02   .1103D+01  -.7600D+00
202   .2324D-05   .5251D-03   .6498D-01   .1733D+02  -.1300D+01   .1231D+00
203  -.8540D-05   .2090D+01   .4933D+01   .5330D+00  -.7353D-01  -.2479D+01
204   .6092D-04   .3021D-01   .1076D+02   .6337D-02   .1297D+01  -.6061D+00
205  -.1112D-04   .2262D+01   .7579D+01   .3985D+01   .1937D+00  -.1265D+01
206   .8514D-05   .1479D+02   .1520D+00   .2050D-03  -.1506D+01   .1588D+01
 ---------------------------------------------------------------------------
 ENERGY=      -1.174475056988933   --->   ||g||^2 =   3.796544514556197E-007
 
 :BEGIN:
         206
           1   1.174354402523614E-001   6.781481322170625E-001
   5.194951114471609E-001   1.230929874500254E-002   4.983230691712451E-001
  -6.483344226312839E-001
           2   1.124463253852215E-001   8.150785819683524E-001
   5.616794773686860E-001   1.099713305267521E-002   5.477478832558020E-001
   4.424438018445023E-001
           3   4.075746350906125E-002   7.426305809505012E-001
   9.673016246960617E-001   4.780856828563904E-002   6.365174887481749E-001
  -3.247464238579376E-001
           4  -6.633044419564678E-002   5.974665053222946E-001
   7.426089871284829E-001  -2.115087355236709E-001  -1.478337588902143E-001
  -5.309717627192374E-001
           5   6.900102807794792E-002   8.874728649158861E-001
   3.616236897972266E-001   1.043823267825967E-003   6.225879099153179E-001
  -5.636986829665996E-001
           6   3.464861985379762E-002   3.962235044522038E-001
        1.071795343277877   2.779047266427763E-002  -7.145828266355057E-001
  -3.568394474729180E-001
           7   4.406998340232396E-003        1.575134904028769
   5.660709475700999E-001   2.715355035823202E-002  -1.080384398810027E-001
  -5.928157087321737E-001
           8  -3.640591656452315E-002        1.207009107095620
   7.838588047433730E-001  -1.617827927733540E-001  -6.245043501514705E-001
  -2.655781037166481E-001
           9   5.297923003552648E-002   7.971121060232080E-001
        1.237806329768399  -1.589391733292932E-002   4.659089369026637E-001
   6.335676908510172E-001
          10   2.669927298654560E-002   9.785742429103882E-001
        1.515570475035719   1.344756054896639E-002  -6.460485550704678E-001
   6.815078291249540E-001
          11  -5.011179804453524E-003        1.651218661203535
        1.195756308777918  -6.306704882728815E-001   5.762528556284842E-001
   1.163800803194049E-001
          12   1.260262075266594E-004   7.580852948172540E-001
       17.479567240361100   1.308548547054766E-001   2.185803725507703E-001
  -7.003834188155338E-001
          13   8.225578161727015E-003   3.972415079082948E-001
        3.172911764717021   1.182951356688168E-002  -1.707262368720931E-001
  -6.943732364990631E-001
          14   5.498059360382003E-003        1.222036968682732
        2.044988157522235   1.409802764630207E-001  -6.414532952329973E-001
  -6.682781393051860E-001
          15  -1.288783324799449E-003        2.473236643803771
        1.284997135030372       -2.010061794959892   3.202855608079644E-001
   6.521098895777961E-001
          16   1.035391589486854E-003   4.926983118363369E-001
        8.774928233862617   1.224557829760869E-001   2.058312358696098E-001
  -6.975831305132744E-001
          17   4.324192307443256E-003        2.372164155718458
        1.560479258351541   1.081435041435717E-002   6.871014740579794E-001
  -6.700800539997665E-001
          18   5.342384010752858E-002        1.373149892255737
   4.749522885359178E-001   7.911131559291785E-003   6.382244326187885E-001
  -4.994133542250387E-001
          19  -4.156146760394584E-005       11.908210829268760
        1.220317317234805      -11.976535149583200        1.068057739782812
   6.998501059098031E-001
          20   3.372543799718871E-003        1.016610153516667
        3.586338599053343   1.535442375452732E-002   6.836579727102817E-001
  -6.923695747634897E-001
          21   1.566066286566967E-002   5.351636915464484E-001
        1.952939007305744   6.700742664529071E-002  -6.356360720682408E-001
  -6.735246382898643E-001
          22   3.087609361037283E-003   7.463864299179447E-001
        3.362951892546667   1.269114464454893E-001  -6.796532578073254E-001
  -6.819180846971649E-001
          23  -3.829734207129390E-003        1.606525337744848
   8.456225829504646E-001       -1.269259084264995   1.936407063801424E-001
   8.322080476976737E-001
          24   7.856890465661630E-004        1.116324958397974
        7.399300599600930   1.750869204114991E-002  -6.516925750067442E-001
   6.983783587253974E-001
          25   5.927724189907353E-004        2.385786577599634
        4.704301903255664   6.950794290466553E-003   6.833054794999502E-001
  -7.001729705753077E-001
          26   9.329142017585612E-002   4.031730419694756E-001
   5.692897474257725E-001   2.637903717460615E-002   3.725650633970901E-001
   4.933621283812034E-001
          27  -8.653659775340850E-005        6.170156187652480
        1.957448602998459       -6.152496160268922        1.088923459722291
  -5.144972399940704E-001
          28   2.833394262294471E-006       63.461569287882680
   7.742818526521619E-001  -1.002647162455297E-002  -7.002193416613074E-001
   7.202090713242770E-001
          29   1.850480218607306E-002        2.251831953235431
   6.416232792900386E-001   4.978096850527796E-003   6.785950727287122E-001
  -6.146815706086303E-001
          30   4.895528846655782E-002        1.013804980742177
   6.708793197884085E-001  -3.373699572671343E-003  -7.663712419070121E-001
   6.395332735169687E-001
          31   6.332918033274399E-003   3.636872749090501E-001
        2.108089966180000  -5.772023608584991E-002       -1.171093624846157
   7.525442395040382E-001
          32   4.325350238243656E-005       11.899674460920280
        1.664738009104419   2.512441986085962E-001  -7.012683020552440E-001
  -6.791000620656429E-001
          33   8.707975328135907E-005       24.877948026925520
   4.877378702343149E-001  -1.860610236806512E-002   7.019408999026320E-001
        1.842754106082014
          34  -1.499542728869139E-006       41.920440094122340
        1.346647565239998      -41.887181706197080  -6.219323208256358E-001
   5.399061463595954E-002
          35  -5.083872914815966E-004        2.352392541057320
        2.640327197757237       -1.798384067114822  -4.220035402002161E-001
  -6.569458365666239E-001
          36  -9.841305194160459E-005        6.219491112778333
   8.074538519650969E-001       -6.113271108083026   3.605314507094146E-001
  -1.704376680794980E-001
          37   1.362954823507819E-004       13.298710169157730
   7.042190762149569E-001  -2.995586506480956E-002  -6.975505210465584E-001
       -1.614591723529231
          38   3.522521329622119E-004        4.967959602152767
        1.519322034480969   1.547797003839316E-001   6.928661903632080E-001
   6.955299171328987E-001
          39   2.103254078190440E-004   4.363819274373719E-001
        7.324951176710263  -3.462965866916117E-002  -8.403847402410962E-001
  -7.071320686787977E-001
          40   1.351874832280619E-005        1.636941221464400
       30.006029368937820   6.303820149022045E-002  -6.988792929590802E-001
   7.001541353766760E-001
          41   2.818680531304174E-003        1.181850650397582
        1.397588794293426   1.176949505447276E-001  -6.696423173820297E-001
  -1.022907685416593E-003
          42   4.147505483250217E-002   7.217859408045035E-001
   2.742684713904903E-001   4.486811155566818E-003  -4.663373858702823E-001
  -4.151709028844601E-001
          43   1.221768756286800E-002        1.831254169364053
   3.214721884759418E-001  -1.721200023238771E-003   5.826511813795788E-001
   1.306747353909154E-001
          44  -1.305774027551226E-002        1.050224594019898
   8.415379049106350E-001  -4.529992113842676E-001  -1.161258023470834E-002
   7.077432010357131E-001
          45  -5.266381598421302E-005        1.466585296861970
        1.398516926643437       -1.329663490370737  -4.763007264946207E-001
        1.249917116372851
          46   4.741507518947054E-007       10.082644792354430
        4.447290039311012       -2.554554246744725   7.193340958332160E-001
        1.178074914582471
          47   6.327215141950549E-002   4.939575592016369E-001
   3.732106205705674E-001   5.790044355613339E-004   4.499799918995809E-001
  -7.857325717809388E-001
          48   1.833490206081402E-005   5.343852408609905E-001
        4.220247873180086  -6.249881615551606E-001       -1.589250920044035
   3.080783089383430E-001
          49   1.948147106719184E-004   3.365878291386216E-001
       14.241942023215420  -9.418501984361490E-002   5.130873690901026E-001
  -7.007407245443573E-001
          50   1.228547261093543E-002        1.317194895441472
   3.676019865607486E-001   7.710509532028515E-003   8.330112812950191E-001
   7.771777545319957E-001
          51   4.264968454941671E-003   5.742191058772181E-001
        4.581258192520238  -8.844401110773361E-003  -6.281430001551713E-001
   6.988071392039564E-001
          52  -2.613560684720692E-002   5.206048736010215E-001
   4.234590478107916E-001  -1.263052206197112E-001   1.678968205324133E-001
  -6.396070521216741E-001
          53  -3.788914998113937E-004        3.965024773720261
        1.156891705840187       -3.777623530970411   2.970227103814111E-001
       -1.321596304561771
          54  -4.897869519782904E-006       24.316948947959500
   8.899965709511780E-001      -24.320724446284580       -1.615361870933506
   1.330480547577806E-001
          55  -3.817668822028737E-003   9.322429478042407E-001
   6.110995091386740E-001  -7.616026767174817E-001  -8.293861093638680E-001
   5.735604578426765E-002
          56  -2.510649851855382E-006       24.411726626060730
        3.277461314300386      -24.402383111624070        2.103280012094990
  -6.856964141574811E-001
          57   1.403550349859811E-003   3.017541562080249E-001
        5.581339117840954   3.760748694861972E-002   2.392746925381206E-001
  -6.986037843038597E-001
          58  -9.295074117424033E-006        6.040390166684333
       15.818455501360190  -4.329888845023591E-003  -7.043340574177497E-001
   7.017602376615010E-001
          59   2.575109316997723E-004        2.862867508171595
        3.014453384942140   1.495993014135375E-001  -6.410201512925229E-001
  -7.206655673826633E-001
          60   3.086381891966542E-005        4.901950950018495
       12.282187522578200  -3.242342038265197E-001   8.016539936626063E-001
  -7.172384375363453E-001
          61   2.109016921315091E-002   4.105239463007234E-001
   2.766258937797146E-001   1.405185302118910E-002   4.798100782916663E-001
   1.238080326130879E-001
          62   6.415667842184636E-004        6.598979675196988
   7.766520570685406E-001   3.838254761878528E-002  -7.003756990996227E-001
  -5.132573174293585E-001
          63   1.389771350367292E-003        2.783720666906484
   9.345876366649399E-001   6.569414110336376E-002  -7.019344519200635E-001
   6.732724332321510E-002
          64   5.467245051840596E-006       44.464162648462490
   9.242648058339251E-001  -2.115550441319153E-002  -6.999999582822851E-001
       -1.309857016585754
          65   2.622595071482199E-003   7.265124852906580E-001
   5.074699238136337E-001   1.312356410283892E-002        1.535868622810034
   4.427752208845247E-001
          66   1.743934757404466E-003        2.754563098772473
   2.412496661200119E-001  -2.807866337981182E-004  -7.035918305680108E-001
  -5.667533368089648E-001
          67   1.359959326420662E-010   5.140963947792446E-001
      717.421809090198300  -1.036026773498567E-002        1.249441576800617
  -8.150331338770736E-001
          68  -4.272277493347289E-005        1.040345684261065
        2.183828768090396   5.368470964212418E-002        1.705795979176827
  -9.884672944247328E-001
          69  -3.862646168553582E-004        2.707259940552676
   6.825651367022257E-001       -2.679934013172994        1.473933933078329
   1.656119641889827E-001
          70  -5.241398287230090E-005        4.610372013107847
        2.463607641839257       -4.514597949120198       -1.084446899650903
   9.052843996679774E-001
          71  -2.791463430849207E-005        3.879370838776550
        4.834194503325555       -3.594409523235485   4.260906202417864E-001
  -7.020509196584133E-001
          72  -1.690689921345148E-003        1.089032367535079
        1.996498417388129  -7.961957935801366E-001   2.147432403914039E-001
   6.848503684127978E-001
          73   1.339970009306259E-002        1.258390553658330
   2.536300748743634E-001   1.218176316520560E-003   5.985301660265846E-001
  -2.851971942367711E-001
          74   3.159210178902199E-010   5.569509113802904E-001
      506.674801884586200  -8.465639612610869E-002  -3.769052860576386E-001
   8.108993050324200E-001
          75   1.384009025267723E-005       54.304662346630490
   3.758178562000192E-001  -1.346221860924360E-003   7.009560486176479E-001
       -1.268951409117138
          76  -8.792680054825808E-006        9.307422951898571
        4.633957066824356       -8.585493098933231   7.026198538026399E-001
   6.919990080184230E-001
          77   4.954826839595502E-005       15.662774350018270
        1.840162062586063  -3.508723900346981E-002  -7.038042654561318E-001
   9.133385778817845E-001
          78   1.446415071808791E-003   2.407373548671979E-001
   6.990304114871404E-001  -1.177242998233194E-002   8.013076277859029E-001
       -1.514542802166706
          79   8.069498685137664E-004   4.589760072550705E-001
        5.427641495054902  -1.118685290886484E-001       -1.205179779936648
  -6.865695871038533E-001
          80  -3.265631224337091E-007       94.077330613749250
        1.244626650343690      -94.067358267558400        1.189483398766922
  -3.670954458795771E-001
          81   2.546838551160529E-005   4.280093172935905E-001
       27.931505680109640  -2.343705249305498E-001        1.892579818358843
   6.966415565767746E-001
          82   1.529652910589407E-011      408.580403878733100
   5.376550011062634E-001  -1.425496985757568E-002  -7.023519201327954E-001
   1.772973367486837E-001
          83   1.511042191627424E-003   3.735719823047908E-001
        3.065672474820338   2.088292386841660E-001   5.191766947909200E-001
  -6.191448434371093E-001
          84  -1.283508201849340E-007   4.313585975149698E-001
      345.011708853648500  -5.176509803225118E-001  -8.236342921876187E-002
   7.006429546194334E-001
          85   3.262273087183174E-003   5.657189923743125E-001
   2.075942203363448E-001  -1.235025088860987E-002   3.949098531990879E-001
       -2.300920325612702
          86   7.172727571134883E-006        1.421325646373165
       26.979790596605740       -1.378134202146805        1.486371427097703
  -7.019068489666271E-001
          87   5.313353534163613E-007   4.560014024170600E-001
      290.932737317199800  -6.247621329715967E-001       -1.954001840267674
  -7.006232935165109E-001
          88   1.955889292916292E-008      150.123350860726500
   4.376923138724896E-001  -2.493862781612092E-003   7.077288812107178E-001
  -1.889459075946813E-001
          89  -8.262593614339942E-007        3.860433273881417
        3.817994015531802       -2.237118566553545        1.021079248309915
  -8.173442092215159E-001
          90  -2.382966432007819E-006       12.049556993247020
   3.951779402395205E-001      -12.020787167619410  -6.421397038737636E-001
       -1.143789684291649
          91   6.055174081449783E-006        7.017861098364918
        8.897507274768971  -4.245406898541874E-003   7.394348775378599E-001
   6.683121672778729E-001
          92   3.699166440989533E-005        3.113944481097508
        1.158298074527431   3.925974677767781E-003   1.279191540543783E-001
  -7.720120584200558E-001
          93   1.094875101998029E-005        4.408013839445081
        4.535020816243813       -3.346921748844197   5.969857527497262E-001
  -7.867896843223038E-001
          94   1.511262981647919E-004       12.852580914823820
   7.661803178535744E-001  -1.060174514406757E-002  -7.027502308514445E-001
        1.329565630794811
          95  -7.251600082561705E-005        2.047122740806263
   6.161859904309773E-001  -4.268830031257455E-002       -1.244308369263569
       -2.019165110870169
          96   5.239861172291836E-005        4.198489393706185
   7.131450298298812E-001  -6.980959566847760E-002   9.032467609205036E-001
       -1.808678654095350
          97   7.413269855283716E-005        1.234243364787410
        2.332705446304734  -6.760443584934810E-002  -4.683041206481883E-002
       -1.245386788146480
          98  -2.629593512948548E-005        1.269625335054950
        5.118592586293619  -7.658009030364378E-001       -1.216657957858887
   5.253911452920602E-001
          99   1.527981554009260E-010      661.756233365028500
   6.394571992653292E-001   1.734966381013071E-002  -7.162275341241876E-001
       -1.457564434481866
         100  -1.792939257327950E-005        3.923680425338800
        1.763763276757498   2.839524582671268E-002   8.466506533950087E-001
       -1.059695095943270
         101  -1.388374874050328E-009   4.721658808742130E-001
      436.643541329165200  -2.600472209145555E-001   5.395685204813456E-001
  -7.168182484439180E-001
         102  -9.044710814871955E-007   3.029612356584354E-001
       55.525725070774140  -3.009516280501124E-002       -1.597487000749979
   7.082446166378257E-001
         103   1.180770203764285E-004   2.902580612303720E-001
       10.715509155797500  -2.825547567710149E-001        1.465049419440737
  -6.985409887880494E-001
         104  -1.533110884840595E-004        2.298958645401226
        2.202327081634382       -1.451674073202240   7.733254813496495E-001
        1.030831062555097
         105  -3.692927875484123E-007        1.176685742858225
       36.295730924754190  -3.645320181120330E-002  -7.460411180472871E-001
   7.537025269051788E-001
         106   1.250175216339990E-005        1.708177290543140
        3.265673453740565  -2.269694733862987E-002        1.565192153513181
   8.823638454376873E-001
         107  -9.167046342120551E-004        1.250263798639532
        1.167821254683903  -5.749596039770333E-001        1.143615460382321
   9.090276982928190E-001
         108   2.032738903114175E-008      149.037047959402300
   3.265390592679939E-001  -2.677240012249778E-003  -7.292312449315791E-001
  -9.817066940835688E-001
         109   7.043700400617018E-008   4.997989647484901E-001
      695.543517334428000  -3.554634322317182E-003  -1.286478449106566E-001
  -7.005544865701677E-001
         110   3.877529219547880E-007       34.923979078483240
        2.018067886013278  -1.034681031346955E-001   6.903820540474528E-001
        1.807896869479893
         111  -4.334368931138221E-005        2.260591487764020
        1.945877970320118       -1.353910039548836        1.179773141808522
  -9.666033292916095E-001
         112  -1.399445390432455E-004   3.642741649602803E-001
        1.623544562883235  -4.625055412483942E-002   3.269457237667851E-002
       -1.533279241957927
         113   1.310021350730500E-005        8.362931139736542
        1.085657307054627  -7.996902999589586E-002   7.245151084153932E-001
        1.732140116252722
         114   1.483141952225291E-003   9.126202954418237E-001
        1.196310839054952   6.952091295098335E-002       -1.331395898482199
  -6.139673066955420E-001
         115   5.104826163056239E-005        2.743602877721808
        1.116832583401899  -4.900852176160249E-001        1.167566408751160
   6.685379414984064E-001
         116   2.942668780092119E-006      123.247536360841900
   4.933569543527620E-001  -1.068354387639690E-003   7.002652007061486E-001
       -1.441966288798322
         117   1.822184668819648E-007        3.493464513692581
      119.480662425433200  -1.006815588150855E-003   5.921947954680188E-001
  -6.987948315407840E-001
         118  -1.087826821916543E-006        6.978451382752999
        2.907780064252968       -1.561373453273952   6.866820460634705E-002
  -4.334365736755337E-001
         119  -2.808050875990299E-006   8.894968016607696E-002
        2.690654484513153  -8.720674018816832E-002        1.551845629112499
  -1.526281148376665E-001
         120   2.826945569832373E-004        1.988106835781343
   2.140658189136282E-001   6.886252219714585E-003        1.034559917101088
   4.849517951551927E-002
         121   4.267891585441478E-007       41.303204358953270
   1.109205380357127E-001  -1.991408999203734E-004   6.987837075411167E-001
  -3.149891579859846E-001
         122  -2.183247807902915E-005   2.069077261264278E-001
        4.701595763495639  -2.088828497220795E-001  -3.529396626701097E-002
       -1.041229881940929
         123   1.120781691261328E-005        2.746858587788682
        4.099460476290203  -9.318360298962539E-001  -3.655474318431030E-001
   9.179855774672487E-001
         124   1.698035730603108E-005       47.374058114329790
   8.152520745154033E-001  -3.482069508761650E-003  -7.006196540524029E-001
        1.142702636358645
         125   1.090610677471166E-006        1.183817883374206
      119.871583141044400   1.010392517583224E-003   4.977969838679522E-001
  -7.006953868724789E-001
         126  -3.907806728391615E-004   8.140225471751882E-001
   5.342016438668877E-001  -3.929607683379884E-001        1.887286041731305
        1.256481952402674
         127   4.471080664270594E-005   2.618344049514114E-001
        2.992338188312388   1.955651959490051E-003  -2.128217325737253E-001
   1.166505910835880E-001
         128   2.015113798869680E-005        2.493928568657521
        1.247221865408198  -9.728465698086108E-001       -1.813310550021516
   3.564264888848021E-001
         129  -3.134599968314710E-007       37.538457636132240
        1.268603088132716  -1.611084377159680E-002  -7.272499482495746E-001
       -1.189203241145326
         130   6.697323161035439E-007   4.258118267121157E-001
        7.997500663690646  -2.117641259589991E-003        1.290673763262669
   2.593039584337905E-001
         131  -1.189279046060846E-006        8.157241656571298
        4.119793041197761  -1.591553609591734E-003   9.173927460149471E-001
   3.630435582521130E-001
         132  -5.814208045450861E-007        1.183687238259832
       68.486462072994440       -1.183725847283084  -7.666986641503670E-001
   6.962072937216368E-001
         133   2.924708681808802E-004        1.132571244265228
   1.718829763125139E-001  -1.679429037089907E-002  -1.183531251662618E-001
       -1.871600029066950
         134   2.680216937876382E-007       48.966472446900930
   6.375854405500889E-001  -1.935792328883675E-002   7.263436137443500E-001
        1.131645644923345
         135   1.678296204995089E-005        6.056257201675797
   1.504871261561766E-001  -2.538925918773980E-003  -6.227754324247545E-001
        1.048113906140022
         136  -1.416458541212956E-005        2.076597975379108
        4.026077865974345   2.303986650282186E-004   1.287513331538424E-002
       -1.233009995568843
         137   5.681239626785207E-008      205.459751012345300
        2.996538703042873   1.914887996505339E-003  -7.004870006778137E-001
        1.023825991183239
         138   7.953700862263594E-008        1.263161111996350
      210.428686702513600  -4.324315497134931E-002   2.946757933483609E-001
  -7.006810294087655E-001
         139   9.644149401783003E-006        3.785455267199084
        2.999827056726357  -1.194790350665805E-003   4.853819482647587E-001
  -9.224916222120859E-001
         140   9.018035493704786E-008   2.027616485267681E-001
      164.937504872070600  -1.968247075560097E-001  -1.588242444818464E-001
   6.996111846618393E-001
         141   1.182553446026107E-005   2.760699543023772E-001
       28.044872194746770  -2.034525882369871E-002        1.708288810949384
  -7.025369695002182E-001
         142   3.914076484978483E-006        4.656579443760587
        3.362478605011915  -1.274937155515498E-001       -1.149785138320480
  -9.740888417043417E-001
         143  -3.532138329138649E-005        3.162916526696610
        1.505737522406499       -1.094106202145543  -6.580051580354158E-002
        1.935476379876429
         144  -2.756442875912140E-008      264.169338979901100
   9.995334456686750E-001     -264.166248631609100   4.085308820400433E-001
   8.050230061589635E-002
         145   1.027184358663770E-005        1.166867307585747
   8.413205884729513E-002  -6.097845135340329E-003  -9.843457382924262E-001
  -8.750637189614130E-002
         146  -2.623833483044690E-005   4.749597130736961E-001
   1.963769203717573E-001  -3.727874804421058E-001   1.091686193039621E-001
        1.072863456795621
         147  -1.929004323913632E-006        6.397649174666904
        1.095889688574116  -6.763996929743922E-003   1.481373503402489E-001
       -1.197132878850979
         148  -6.842275870788663E-006        3.255195186861098
        2.324528313535835       -3.255191669103864       -2.561276919248838
       -1.671209017025197
         149   2.794890798809057E-007        4.449949216375597
       80.936788836321470  -1.076101483307778E-003   8.571511256418024E-001
  -7.049351765019336E-001
         150  -5.906145958163764E-005   2.048979551974929E-001
        2.659347681965761  -2.083015020551655E-003   6.049546445709737E-001
       -1.286659604565991
         151  -1.639689968169023E-006        5.756229391077443
   2.425555986118758E-001  -1.023937357788207E-002  -1.014076608234118E-002
  -6.673553389628628E-001
         152   1.647909473586105E-005   1.431525967133892E-001
   1.231991133927127E-001  -5.669436268379226E-004        1.581624549150788
       -1.669208097357049
         153   2.777989519612221E-007      107.902556699890000
        2.201147601215021  -4.489831101447630E-002  -7.012195237129949E-001
       -2.222186287986500
         154  -1.281772956056092E-006   1.048720306234764E-001
       11.480555078877900  -8.616337681761627E-002  -1.376222277061908E-001
   5.478238777036094E-001
         155   4.659179135819845E-006   9.749324198620020E-001
        9.679465826523307  -8.568788586938800E-001        1.043203923909184
  -5.304109846517052E-001
         156  -5.392535998446277E-007       20.690934946079940
        2.631047978726662      -20.350781936563860  -7.584471641601136E-002
  -9.781947751879713E-001
         157  -6.166669565691570E-007   8.615844791643955E-001
        9.468696768149277  -4.344615986946657E-001        1.664365113476613
       -1.013913106388846
         158   1.382792272784842E-005   2.454708794112239E-001
        2.521004535397823  -1.251786401580398E-003  -3.625294196802605E-001
       -1.902411589084025
         159  -4.296999636660026E-006        3.180945337167807
        1.893576952924794  -7.166219224305232E-004        1.606183980421386
   4.951805719712184E-001
         160  -2.712557534431366E-007        8.144489332208435
       27.619296574076450  -1.549392570715563E-003  -5.794526306889231E-001
   6.894772911986277E-001
         161   2.351949279161368E-005        3.376933668483663
   4.960792780655876E-001  -3.831524056122961E-004  -3.085857551663293E-001
        1.544021756753495
         162   5.949377038149047E-006        1.303345711554939
        1.532832837793202  -5.716692943257096E-005       -1.779526770007454
   8.537098351841246E-002
         163   1.011989354844819E-005        1.205806689454104
        3.647812358715787  -8.638233008219501E-001       -1.547507134849008
  -3.017057355474948E-001
         164  -6.356606391121977E-006        5.271291743970056
   2.160956476013568E-001  -8.852781925210784E-003   2.486811537586804E-001
        2.372017198779502
         165   7.239949233783005E-006        3.169141558343156
        9.953971198028274  -7.999901253428016E-005  -7.120912121274257E-001
   6.581209250896691E-001
         166  -2.180942080277416E-006       10.606429979609820
        3.116292073596113  -1.878604926039793E-002   7.565853691201342E-001
   2.550328465503369E-001
         167  -2.475549077237772E-005        1.421449079044313
   2.060344444460479E-001  -3.050816663785709E-002       -2.085956969059524
        1.520506315672402
         168  -4.897438157465848E-006        5.638607417377979
        1.212181636125560  -2.738967718645016E-001        1.226515137645996
        1.811972586828924
         169   1.303935071347433E-006       29.915698822239340
        8.924857171806053  -8.131663576460683E-004  -7.052507445824453E-001
   6.225938423563452E-001
         170   4.186031946765350E-005        3.991243145861772
   4.126941151080328E-001  -1.414590796456051E-002  -9.033813268879182E-001
        2.111712974426330
         171   2.769739586093806E-006        5.203697077836504
   3.800860496033535E-001  -1.935033085309358E-002       -1.345718417028502
   6.875707426329631E-001
         172  -8.001487389056831E-006   1.417801304986739E-001
        3.755501523800422  -1.417702750687243E-001        2.513698138112649
  -4.559763781272472E-001
         173  -8.917816336693016E-007        6.559901036592080
   8.198209476981492E-001  -1.041090739039034E-001  -3.322617186526526E-001
   2.954632148079783E-001
         174  -1.333764888371552E-006        9.593143078238263
        2.024683889307041       -9.144892824754020        1.193509370806159
        1.565100721066312
         175   7.695873866090796E-007   2.324978619828155E-001
       86.260566798163310  -2.324616596036341E-001        1.668431476322572
  -7.027357086896698E-001
         176  -6.069350671652327E-006        7.659585485648611
   6.359942688775013E-001  -1.938684409591448E-005  -9.251458639982582E-001
        1.141912678548591
         177  -1.271870892196189E-006        1.227909005534185
       16.718100958455140  -4.022052711584540E-001   6.462009484886165E-001
  -5.782658567369245E-001
         178  -3.617763146030992E-006        1.068914409178450
        8.140022390650300  -5.395256100641463E-004        1.559377995694125
   5.441785293280483E-001
         179   1.602951363675088E-006       10.076695466108670
        2.035119021484728  -1.650003099054854E-005  -4.563108449808469E-001
   3.748006103804277E-001
         180   1.875240649790075E-006        2.573703571875546
       14.026985697174730  -7.616015863824323E-001        1.637824924256677
  -7.647080252720615E-001
         181  -6.035549086977376E-005   8.998083980931182E-001
        1.274987061971343  -1.577239281149402E-001   2.973504456742475E-001
       -2.211760890704418
         182  -1.748152470595143E-004   9.633995597569007E-001
        1.954117972705191  -7.055026049962021E-001       -2.309377832234357
   5.501538956934113E-001
         183   2.693613787029973E-005        2.147619828344598
        3.180587249686543  -1.602567109585869E-002   6.399133793729086E-001
        1.002707942836372
         184   2.821140322989682E-006        9.637744000004643
   1.507515664716056E-001  -2.220726351346567E-003        1.009183188147139
        1.231194512248883
         185   1.074150619562358E-005        2.899048886588401
        2.999998046145293       -2.877331308436171       -1.459800702814495
        1.266326316114506
         186   8.694097796496435E-005   6.496086643412340E-001
        3.076825619973785  -7.459531719379883E-002  -3.611383285002863E-001
  -2.436599819257147E-001
         187  -9.881383505785274E-006        1.870485808061926
   2.462220854389211E-001       -1.870484587953670   8.004152148899196E-001
  -2.224520024341299E-001
         188   8.058559706613330E-006   1.828898045320601E-001
        6.430698683003531  -1.828762746082233E-001        1.041804074929302
        1.219725960921786
         189   2.659191054412046E-005   3.950365824244742E-001
        3.062648888397741  -4.164191647647571E-004        1.816036886825520
   4.074378722081751E-001
         190  -8.957167829239445E-008       67.594310892634910
   3.943644283901870E-001      -67.594279592639480        1.922379319213227
  -4.310826182652162E-001
         191  -4.290555841177518E-006   2.902132940231813E-001
        7.060025746535261  -2.701868561530277E-004        1.545073688524718
       -1.208577842477778
         192  -3.065719234889923E-004   4.301174249883905E-001
        1.148861761766653  -4.300622336344385E-001        1.132624351349791
  -8.425399909277473E-001
         193   3.231898011822766E-005        1.631214514116712
   5.891773713476227E-001  -1.888195633809630E-001        1.850577097329823
        1.774981436737633
         194   2.164414575205974E-006        9.007058532849799
        3.755592060350042       -8.430910525866160       -1.154703164485486
        1.288256905408417
         195  -1.780168677302273E-005        4.767884602957997
   5.447141925519122E-001  -6.305259349003792E-002   1.758937126949057E-001
        1.803405991325948
         196   2.920879203604374E-006        4.733735422791351
       10.299145798138000       -1.312602829482625   4.695622130600183E-001
   7.019100312509852E-001
         197   8.620414330518630E-005   8.870823733659690E-001
   1.527354496950545E-001  -3.110526772361390E-004        1.035011137234655
        1.802047937952922
         198   1.493301056523116E-005        2.165442196247945
        2.225754577560310  -5.521647973643877E-001       -1.250543511873759
        1.829877028553793
         199   2.900935089643736E-005        1.009742514289508
   5.158328513845892E-001       -1.009731595709556  -7.296736046620223E-001
        2.118009703700136
         200   2.295325981308576E-005        2.881605853597522
        2.288386163793205  -2.922339030195728E-003   8.720735270182745E-001
  -4.731245098400366E-002
         201   1.728760615757678E-006   1.117909311641926E-001
       10.376406136963850  -2.190037717845677E-002        1.103269999331233
  -7.599761070314633E-001
         202   2.323867959379490E-006        4.162813860695070
   2.559453866534323E-001       -4.162687712352384       -1.300259541571412
   1.231194791533524E-001
         203  -8.540125316126552E-006        1.619530396534948
        2.314626266096225  -3.291200662040037E-001  -7.352600951039569E-002
       -2.478858249471520
         204   6.092034091615150E-005   1.911690427355799E-001
        3.280592037537657  -3.314854169845765E-002        1.296602513332713
  -6.060525380405528E-001
         205  -1.112237838356168E-005        2.499426313041775
        3.003645884980052       -1.594470428475163   1.936641127193737E-001
       -1.265041662771378
         206   8.513587835626158E-006        3.845267990448941
   3.901619785909639E-001  -5.330517276837140E-005       -1.506128528425542
        1.587653148349156
 :END:
 
