      LinCoeff:.   AA1:        AA2:        B12:        RZ1:       RZ2:
 FNC: ======================================================================
  1   .1273D+00   .4536D+00   .2655D+00  -.7424D-02   .4975D+00  -.6381D+00
  2   .1222D+00   .6498D+00   .3121D+00  -.1997D-02   .5497D+00   .4187D+00
  3   .3981D-01   .5734D+00   .9707D+00  -.4360D-01   .6205D+00  -.2661D+00
  4  -.7805D-01   .2344D+00   .4853D+00   .1164D+00  -.1395D+00  -.5263D+00
  5   .7398D-01   .7661D+00   .1245D+00  -.1337D-02   .6180D+00  -.5017D+00
  6   .3937D-01   .1627D+00   .1129D+01  -.1061D-01  -.7371D+00  -.4022D+00
  7   .4166D-02   .2668D+01   .3456D+00  -.4829D-01  -.8897D-01  -.6010D+00
  8  -.3874D-01   .1225D+01   .4381D+00   .2105D+00  -.6300D+00  -.3637D+00
  9   .5573D-01   .5991D+00   .1499D+01   .1532D-01   .5321D+00   .6379D+00
 10   .2754D-01   .9693D+00   .2328D+01  -.2061D-01  -.6307D+00   .6805D+00
 11  -.4252D-02   .1755D+01   .8356D+00   .1111D+01   .5744D+00   .1067D+00
 12   .1646D-03   .7977D+00   .3048D+03  -.1686D+00   .3569D+00  -.7010D+00
 13   .8317D-02   .1491D+00   .1008D+02  -.4944D-02  -.1239D+00  -.6902D+00
 14   .5729D-02   .1635D+01   .4477D+01  -.1799D+00  -.6436D+00  -.6638D+00
 15  -.1263D-02   .1238D+01   .8144D+00   .5250D+01   .3317D+00   .6816D+00
 16   .1065D-02   .3340D+00   .7933D+02  -.7220D-01   .2690D+00  -.6981D+00
 17   .4758D-02   .5903D+01   .2338D+01  -.1939D-01   .6882D+00  -.6769D+00
 18   .5633D-01   .1848D+01   .2318D+00  -.8617D-02   .6444D+00  -.5215D+00
 19  -.4240D-04  -.7902D+00   .2153D+01   .1427D+03   .1067D+01   .7046D+00
 20   .3737D-02   .9597D+00   .1382D+02  -.5628D-01   .5914D+00  -.6896D+00
 21   .1740D-01   .2961D+00   .3856D+01  -.3114D-01  -.6274D+00  -.6725D+00
 22   .3239D-02   .6317D+00   .1192D+02  -.1053D+00  -.6898D+00  -.6823D+00
 23  -.3876D-02   .5433D+00   .2897D+00   .2097D+01   .1453D+00   .9090D+00
 24   .7976D-03   .1220D+01   .5720D+02  -.3447D-02  -.6852D+00   .6989D+00
 25   .6188D-03   .5529D+01   .2202D+02   .6200D-01   .6974D+00  -.7053D+00
 26   .9019D-01   .1666D+00   .3284D+00  -.1230D-01   .4038D+00   .5169D+00
 27  -.9116D-04   .1547D+00   .3811D+01   .3800D+02   .1089D+01  -.5212D+00
 28   .9864D-05   .4027D+04   .7638D+00  -.3794D-01  -.7008D+00   .7212D+00
 29   .1882D-01   .5126D+01   .4260D+00  -.1825D-01   .6746D+00  -.5852D+00
 30   .5479D-01   .9973D+00   .4554D+00   .3571D-02  -.7603D+00   .6313D+00
 31   .6513D-02   .1210D+00   .4880D+01   .1149D-01  -.1145D+01   .7302D+00
 32   .4658D-04   .1456D+03   .6685D+01  -.3694D+01  -.6996D+00  -.6968D+00
 33   .9833D-04   .6179D+03  -.2328D+00   .4630D+00   .7016D+00   .1804D+01
 34  -.1606D-05   .1344D+01   .4600D+00   .1756D+04  -.6220D+00   .5405D-01
 35  -.4409D-03   .1246D+01   .6158D+01   .4397D+01  -.4075D+00  -.6866D+00
 36  -.9871D-04   .8421D+00  -.1289D+00   .3792D+02   .3543D+00  -.1700D+00
 37   .1821D-03   .1769D+03  -.3674D-02   .4776D+00  -.6994D+00  -.1630D+01
 38   .3391D-03   .2639D+02   .3563D+01  -.1079D+01   .6938D+00   .6865D+00
 39   .4039D-03   .1296D+00   .5343D+02   .2036D-01  -.8400D+00  -.6992D+00
 40   .1384D-04   .2951D+01   .9003D+03  -.5175D-01  -.6611D+00   .7007D+00
 41   .3784D-02   .1486D+01   .1934D+01  -.1116D+00  -.6872D+00  -.4938D-01
 42   .3214D-01   .4837D+00   .6670D-01  -.1386D-02  -.4237D+00  -.4969D+00
 43   .1356D-01   .2952D+01   .9358D-01   .2591D-02   .5815D+00   .1183D+00
 44  -.1085D-01   .6375D+00   .4646D+00   .5310D+00  -.5340D-01   .6821D+00
 45  -.3521D-03   .1921D+00   .1855D+01   .1936D+01  -.4458D+00   .1280D+01
 46   .5424D-05   .7592D+02   .5730D+00   .2574D+02   .6985D+00   .1178D+01
 47   .5929D-01   .2305D+00   .1291D+00   .3088D-04   .4419D+00  -.7952D+00
 48   .3986D-04  -.3138D-01   .1792D+02   .3281D+00  -.1588D+01   .2373D+00
 49   .2446D-03   .6175D-01   .2021D+03   .3819D-01   .5264D+00  -.7002D+00
 50   .8195D-02   .1877D+01   .1247D+00  -.1080D-01   .8777D+00   .7665D+00
 51   .4269D-02   .2777D+00   .2058D+02   .1391D-01  -.6729D+00   .7002D+00
 52  -.2304D-01   .1988D+00   .1248D+00   .7082D-01   .1613D+00  -.6874D+00
 53  -.3480D-03   .7053D+00   .5505D+00   .1496D+02   .3109D+00  -.1333D+01
 54  -.4827D-05  -.9387D-01   .8447D+00   .5914D+03  -.1615D+01   .1329D+00
 55  -.4605D-02   .2187D+00   .1955D+00   .6662D+00  -.8459D+00   .6020D-01
 56  -.2788D-05   .2658D+00   .1052D+02   .5957D+03   .2103D+01  -.6855D+00
 57   .1150D-02   .1027D+00   .3261D+02  -.2072D-01   .1841D+00  -.6964D+00
 58  -.1103D-04   .3653D+02   .2502D+03   .9678D-02  -.7112D+00   .7007D+00
 59   .2327D-03   .8986D+01   .9900D+01  -.4746D+00  -.6088D+00  -.7401D+00
 60   .3750D-04   .2245D+02   .1496D+03   .1605D+01   .8088D+00  -.7170D+00
 61   .1385D-01   .1630D+00   .7386D-01  -.5425D-02   .3208D+00   .5317D-01
 62   .6670D-03   .4370D+02   .7788D+00  -.1941D+00  -.7013D+00  -.5069D+00
 63   .9078D-03   .7627D+01   .8935D+00  -.2600D-01  -.7976D+00   .7223D-01
 64   .1432D-04   .1975D+04  -.4395D+00   .1360D+01  -.7006D+00  -.1312D+01
 65   .1674D-02   .6572D+00   .4440D+00  -.5981D-01   .1579D+01   .4909D+00
 66   .1582D-02   .7392D+01   .5787D-01  -.3117D-02  -.7010D+00  -.5385D+00
 67  -.4747D-11   .2590D+00   .5147D+06   .5326D-02   .1249D+01  -.8150D+00
 68  -.8568D-04   .1143D+01   .4807D+01  -.4044D-01   .1699D+01  -.1012D+01
 69  -.3754D-03   .5351D-01   .4134D+00   .7382D+01   .1474D+01   .1646D+00
 70  -.5820D-04   .3396D+00   .5764D+01   .2078D+02  -.1086D+01   .9336D+00
 71  -.2262D-04   .1073D+01   .2239D+02   .1394D+02   .4260D+00  -.6980D+00
 72  -.1838D-02   .3454D+00   .3507D+01   .9266D+00   .2857D+00   .6764D+00
 73   .1009D-01   .1512D+01   .6059D-01  -.1274D-02   .5846D+00  -.4393D+00
 74   .9491D-11   .2630D+00   .2567D+06   .4715D-01  -.3769D+00   .8109D+00
 75   .1721D-04   .2949D+04   .6394D-01   .6655D-01   .7007D+00  -.1269D+01
 76  -.8871D-05   .6708D+01   .1529D+02   .7991D+02   .7010D+00   .6908D+00
 77   .4723D-04   .2450D+03   .2796D+01   .5419D+00  -.7020D+00   .9247D+00
 78   .1664D-02   .5013D-01   .4144D+00   .8701D-03   .8017D+00  -.1575D+01
 79   .6954D-03   .1550D+00   .3049D+02   .5975D-01  -.1233D+01  -.6919D+00
 80  -.3662D-06   .9210D+00   .6326D+00   .8850D+04   .1189D+01  -.3671D+00
 81   .2157D-04   .1478D+00   .7801D+03   .9849D-01   .1900D+01   .6965D+00
 82   .2415D-06   .1669D+06   .6611D+00  -.3259D+00  -.7004D+00   .1774D+00
 83   .4755D-03   .2011D+00   .1023D+02  -.6615D-01   .4888D+00  -.5155D+00
 84  -.2274D-07   .3786D-01   .1190D+06   .2648D+00  -.8594D-01   .6924D+00
 85   .1129D-05   .3989D+00   .2979D+05   .3156D-02   .5144D+00   .7005D+00
 86   .7860D-06   .4909D-03   .1170D+05   .4738D-01   .8988D+00   .7011D+00
 87   .2823D-05   .6890D+03   .6747D+01   .3458D-02  -.7046D+00  -.4740D+00
 88  -.4923D-04   .8162D-04   .4817D+01   .8054D-01  -.1014D+01   .1475D+01
 89   .6347D-04   .2498D+00   .5845D-02   .5576D-04  -.3122D+00  -.1884D+01
 90   .2365D-05   .1210D+04   .1843D-01   .2543D-02   .7010D+00  -.9091D+00
 91   .1070D-05   .7597D+00   .2016D+05   .4793D-01  -.4100D+00   .7025D+00
 92  -.8087D-05   .3073D+01   .3532D+02   .1297D+01  -.4704D+00   .4673D+00
 93   .5836D-06   .2737D+05   .1001D+00   .6864D-01   .6970D+00  -.2667D+00
 94  -.2129D-05   .1151D-04   .1206D+00   .1044D+03   .1576D+01   .1189D+01
 95   .4940D-04   .2901D-05   .3765D+01   .2138D-01   .5449D+00   .1054D+01
 96  -.1242D-05   .2660D+01   .4361D+04   .7839D-01   .1031D+00   .7056D+00
 97   .4350D-04   .3099D+01   .2373D+01   .1754D-02   .1536D+01   .3562D+00
 98  -.9095D-05   .1536D-05   .5115D+02   .9107D-01   .2169D+01  -.3365D+00
 99   .1299D-04   .4281D+01   .7494D-05   .3090D+01  -.1862D+01   .3189D+01
100   .2077D-04   .8502D-07   .6977D+01   .2704D-01   .1543D+01   .2147D+00
101  -.1502D-04   .5853D-04   .6989D+01   .4003D+01   .9715D+00   .1757D+00
 ---------------------------------------------------------------------------
 ENERGY=      -1.174474384770483   --->   ||g||^2 =   1.590833628537023E-010
 
 :BEGIN:
         101
           1   1.273400610948907E-001   6.679652016042967E-001
   5.079019768876617E-001   1.111421143707470E-002   4.975292810159958E-001
  -6.380502073946860E-001
           2   1.222242172292338E-001   8.048872120724455E-001
   5.568457852797620E-001   2.481100208181459E-003   5.496931501943039E-001
   4.187235611426438E-001
           3   3.980544053708381E-002   7.278544367347799E-001
   9.610023790181421E-001   5.989898539926630E-002   6.204597086212499E-001
  -2.661430032856195E-001
           4  -7.804693932404520E-002   5.922997565851250E-001
   7.504184265183079E-001  -1.965994591788556E-001  -1.394752612536813E-001
  -5.262647738904673E-001
           5   7.398253657481657E-002   8.745095109559330E-001
   3.509823125047292E-001   1.528553914087817E-003   6.179808684066384E-001
  -5.017315217720936E-001
           6   3.936735892843903E-002   3.899688863464612E-001
        1.057097013618796   2.719651035469093E-002  -7.371126642057229E-001
  -4.022089291619243E-001
           7   4.165893915129491E-003        1.618449853783034
   5.444820247271947E-001   2.983714223501504E-002  -8.896699060790585E-002
  -6.010205851529297E-001
           8  -3.873787465933030E-002        1.198297372303336
   7.859821708193111E-001  -1.756453918221168E-001  -6.299943795960156E-001
  -3.637440397920279E-001
           9   5.572918894036585E-002   7.838332625881069E-001
        1.230260091449727  -1.954216098157489E-002   5.321399792540937E-001
   6.378846994769578E-001
          10   2.753656654059818E-002   9.740314023948018E-001
        1.518945067007018   2.115995704953231E-002  -6.306786800159933E-001
   6.804574356685305E-001
          11  -4.252230621429884E-003        1.692948544342111
        1.231252254930204  -6.564247201583433E-001   5.743695255197017E-001
   1.067088622170912E-001
          12   1.646014383310609E-004   7.931527855442960E-001
       17.451994305502230   2.125530477364860E-001   3.568999456936006E-001
  -7.009685316257764E-001
          13   8.316585312625633E-003   3.797405891361484E-001
        3.173965010470639   1.301957908167452E-002  -1.239125759461376E-001
  -6.901849869121733E-001
          14   5.728721601993193E-003        1.206313494446519
        2.067506909443035   1.491345417540769E-001  -6.435862642554141E-001
  -6.637825913690154E-001
          15  -1.262512252421960E-003        2.547311598339215
        1.347758465296587       -2.061161613359733   3.316596458016278E-001
   6.815513181964560E-001
          16   1.064771845880906E-003   5.116290689756454E-001
        8.901671922936156   1.411230225815080E-001   2.690317647233776E-001
  -6.980788594753394E-001
          17   4.758347751065351E-003        2.425532543024036
        1.522602755327316   7.993513502434824E-003   6.881522593475299E-001
  -6.768660500487442E-001
          18   5.632737666950163E-002        1.356416954155087
   4.723543082825005E-001   6.352521326364696E-003   6.444399003259762E-001
  -5.215385434466848E-001
          19  -4.240074371109943E-005       11.910650026016100
        1.165492271640050      -11.976992907548910        1.067188788049431
   7.045589401720194E-001
          20   3.737278333846020E-003   9.504889627774994E-001
        3.709363221573026   5.921620881029398E-002   5.913501143651124E-001
  -6.895748762062325E-001
          21   1.740371754888278E-002   5.146971702210045E-001
        1.954713832545574   6.049731188990549E-002  -6.274368426100759E-001
  -6.724595301528985E-001
          22   3.238689037632071E-003   7.254937000761346E-001
        3.433951524941724   1.452034271739370E-001  -6.898275578721728E-001
  -6.823226874416405E-001
          23  -3.876485480631766E-003        1.624973798673127
   8.492170534582670E-001       -1.290641822594936   1.452713616860527E-001
   9.090128159795982E-001
          24   7.975511006627841E-004        1.103154353904147
        7.563121742530648   3.124682640848308E-003  -6.851979028172575E-001
   6.989044077866605E-001
          25   6.188341282292123E-004        2.364558589743098
        4.698562866658104  -2.622096574194013E-002   6.973743900457530E-001
  -7.053125786551374E-001
          26   9.018729673043947E-002   3.928052656508782E-001
   5.613243486257178E-001   3.130420187099597E-002   4.037599914605333E-001
   5.169080289592712E-001
          27  -9.116056780420607E-005        6.176981409424998
        1.991344332981097       -6.151937734087888        1.089129375506861
  -5.211810246466596E-001
          28   9.864209043970093E-006       63.460222346751020
   8.519647786837244E-001   5.979324959994646E-004  -7.007529096477552E-001
   7.212369557403930E-001
          29   1.881566223608030E-002        2.260081043456675
   6.385403562446063E-001   8.074184939061375E-003   6.745678423275701E-001
  -5.852015666467424E-001
          30   5.478708575519802E-002        1.000442412967881
   6.774928940153355E-001  -3.568941409670547E-003  -7.603428176073929E-001
   6.312835979875638E-001
          31   6.513281541303796E-003   3.639668972372520E-001
        2.211342501753947  -3.156467228896977E-002       -1.145444470713016
   7.302473114577018E-001
          32   4.658451282483889E-005       11.911413633792720
        1.701530273758098   3.101030134889594E-001  -6.996405227533995E-001
  -6.967635193304080E-001
          33   9.833301690400509E-005       24.866234607664130
   4.794793134068012E-001  -1.862123075189407E-002   7.016085832504149E-001
        1.803508774413304
          34  -1.605622737634357E-006       41.919870580183710
        1.342726931451541      -41.887810382586360  -6.219614819553547E-001
   5.405499850988065E-002
          35  -4.408662488555482E-004        2.375427211613525
        2.669929253357329       -1.850828457866128  -4.074875097224761E-001
  -6.865505230987271E-001
          36  -9.870851922324348E-005        6.225978220931145
   8.336023714164593E-001       -6.090724508449334   3.542604992498187E-001
  -1.700293968639261E-001
          37   1.821339817144169E-004       13.317584328796970
   6.875036526131421E-001  -3.586399332743015E-002  -6.994219964491155E-001
       -1.629834266132090
          38   3.390590763459858E-004        5.031022223141846
        1.561206395097800   2.145446040448657E-001   6.937633979660772E-001
   6.865057138665619E-001
          39   4.038947325372229E-004   3.872799824393581E-001
        7.311093126591197  -5.256760577546601E-002  -8.399901494599595E-001
  -6.991839288441872E-001
          40   1.384319593579450E-005        1.702747557711513
       30.004562782230590   3.039244578270349E-002  -6.611375752608908E-001
   7.007270307069570E-001
          41   3.784468733140849E-003        1.172127621727673
        1.346624867442066   9.524709506204279E-002  -6.872042723223580E-001
  -4.937879904929258E-002
          42   3.214474055061659E-002   6.944616763408273E-001
   2.555605872794007E-001   1.995758987247684E-003  -4.237481726572996E-001
  -4.969069398270417E-001
          43   1.355616561848174E-002        1.718905004295065
   3.101146755253103E-001  -1.507551431551732E-003   5.814938021640222E-001
   1.182821749432312E-001
          44  -1.085096396233480E-002        1.080964546414465
   8.684804101683837E-001  -4.912258549505463E-001  -5.340355498553194E-002
   6.820765942704703E-001
          45  -3.520750688676788E-004        1.458748190044904
        1.424734962499667       -1.327079348873592  -4.457856329083449E-001
        1.279690954646213
          46   5.424331197280756E-006       10.082701658534870
        4.449493190536694       -2.553335235450679   6.984669322084475E-001
        1.177988377700827
          47   5.929150924181616E-002   4.801265598667738E-001
   3.593364354684492E-001  -6.430845980729063E-005   4.419203400287930E-001
  -7.952426974278304E-001
          48   3.986412231350559E-005   5.447128575550352E-001
        4.228902001900103  -6.023180011705218E-001       -1.588258717329804
   2.372519732059165E-001
          49   2.445760693273995E-004   3.161359962682345E-001
       14.218721616759670  -1.208140681630793E-001   5.264340964952398E-001
  -7.002155823853724E-001
          50   8.195070196655444E-003        1.365921731915935
   3.374098618381073E-001   7.908818788313931E-003   8.776820163320468E-001
   7.664937924892448E-001
          51   4.269396801981648E-003   5.400340845657616E-001
        4.538166924589411  -2.575543102148882E-002  -6.729233794306719E-001
   7.001770528368775E-001
          52  -2.303677301029262E-002   5.192603140398115E-001
   4.207892069951776E-001  -1.363811208469326E-001   1.613160249040921E-001
  -6.874159069349943E-001
          53  -3.480033569175953E-004        3.958201079393465
        1.106354778071841       -3.780008879036733   3.109278367091237E-001
       -1.333400754249210
          54  -4.826712360197534E-006       24.317084739160010
   8.664947068786305E-001      -24.320944934811530       -1.615227930517950
   1.329012354226338E-001
          55  -4.605404507661338E-003   9.407012771800692E-001
   6.001083542941569E-001  -7.082451709495451E-001  -8.458793511992183E-001
   6.019769192303055E-002
          56  -2.788111946994972E-006       24.412888701427590
        3.284227890772227      -24.401999982304030        2.103305955816512
  -6.855207130202971E-001
          57   1.149802410421812E-003   2.863514210611818E-001
        5.708301407773599   7.234453928370915E-002   1.840931930294310E-001
  -6.964347869773427E-001
          58  -1.103221321779665E-005        6.045121467106571
       15.819561250631770  -1.601025051657258E-003  -7.111554063627493E-001
   7.006688820152461E-001
          59   2.326832489521405E-004        2.917394541933465
        3.065724091687843   1.626847513377484E-001  -6.088356265259425E-001
  -7.401466277262142E-001
          60   3.750324603705019E-005        4.904582520730964
       12.290954448186600  -3.272324401050935E-001   8.087741193386070E-001
  -7.169738521879588E-001
          61   1.385355249663483E-002   3.969673528096225E-001
   2.612452847224526E-001   1.366719673370364E-002   3.208163674154289E-001
   5.316930032667493E-002
          62   6.670044417076050E-004        6.596145349965208
   7.640898760714501E-001   2.943360075075857E-002  -7.012777162799845E-001
  -5.068758625077634E-001
          63   9.077787670539329E-004        2.757058960839828
   9.313562487914608E-001   9.432130741173198E-003  -7.976276627111020E-001
   7.222785678022536E-002
          64   1.432010560282331E-005       44.460603221167470
   9.589686200569026E-001  -3.059018460553431E-002  -7.005868935716842E-001
       -1.311621897726448
          65   1.673725962163585E-003   7.729121565835713E-001
   6.149556329688786E-001   7.737909344702174E-002        1.578798071306118
   4.909474017266349E-001
          66   1.581507456023348E-003        2.718326505486503
   2.340004512478510E-001   1.146649882216337E-003  -7.010109026290851E-001
  -5.385352982724997E-001
          67  -4.746533393313723E-012   5.140963942078464E-001
      717.421809090198300  -1.036026765129030E-002        1.249441576840664
  -8.150331489879528E-001
          68  -8.567707201752469E-005        1.050110763250489
        2.182854542105921   3.851477259316043E-002        1.699099545782905
       -1.012135313530578
          69  -3.754269239087456E-004        2.726787208006688
   6.830357109436220E-001       -2.707163488610516        1.474333541809972
   1.646391164178282E-001
          70  -5.819559178507172E-005        4.595562631315057
        2.469482410220646       -4.521669134234124       -1.085765379421002
   9.335776280388147E-001
          71  -2.262097303875027E-005        3.874725374019464
        4.836135116501276       -3.597887363707585   4.260456757246915E-001
  -6.980335072474451E-001
          72  -1.837657744219963E-003        1.127811614182608
        1.938648571026657  -8.215577057999123E-001   2.857208412262433E-001
   6.763985560417322E-001
          73   1.008975545284640E-002        1.228957062656655
   2.435413034637000E-001   1.036889861025912E-003   5.846218252747181E-001
  -4.392893090599899E-001
          74   9.491212037206415E-012   5.569509101341235E-001
      506.674801884586200  -8.465639618696240E-002  -3.769052857519006E-001
   8.108992951531067E-001
          75   1.721234030151036E-005       54.301065155544390
   3.612352289044460E-001  -1.225627212714755E-003   7.006819000466671E-001
       -1.269143366221037
          76  -8.871350809991791E-006        9.306628507143026
        4.634691790333324       -8.585817583224850   7.010033133778505E-001
   6.908478592799985E-001
          77   4.722663714138176E-005       15.670847436650980
        1.826759068393873  -3.458083375124330E-002  -7.019738255101382E-001
   9.246677691174572E-001
          78   1.663788582207584E-003   2.258228573599575E-001
   6.444088166140780E-001  -3.853061396139852E-003   8.016552852067400E-001
       -1.575139224098662
          79   6.953683738886451E-004   4.634405451110588E-001
        5.525379542221143  -1.289323874953943E-001       -1.232735193096688
  -6.919195570634787E-001
          80  -3.662067422120472E-007       94.077242205209730
        1.246415301199426      -94.067452268910270        1.189440683993725
  -3.670538442168639E-001
          81   2.156575570131409E-005   4.962673948659476E-001
       27.931255530927920  -1.984514924626030E-001        1.899900511656737
   6.965295990611904E-001
          82   2.415056001969418E-007      408.580281719211600
   5.789436088030725E-001   7.975966085746531E-004  -7.004221337213222E-001
   1.773670719747652E-001
          83   4.754627704616889E-004   3.673268347578141E-001
        3.183614192505716   1.800799365899015E-001   4.888087862039565E-001
  -5.154774039976511E-001
          84  -2.273644875103983E-008   5.501526817473431E-001
      345.011710069153500  -4.813371991302319E-001  -8.594050627601152E-002
   6.923812754723594E-001
          85   1.129443429863822E-006   6.341005859241549E-001
      172.590524552091000  -4.977716040234828E-003   5.144440945044893E-001
   7.004646910445844E-001
          86   7.860494760721562E-007   2.187829706714340E-001
      108.144000170045300  -2.165393872168447E-001   8.987798960652864E-001
   7.010856406739922E-001
          87   2.822786181893554E-006       26.249162154962590
        2.598109569172439  -1.317295539435245E-004  -7.046243139567545E-001
  -4.739935968814847E-001
          88  -4.923035383152326E-005   2.839452205451437E-001
        2.194831193717524  -2.836577622557252E-001       -1.013808619634086
        1.475344928940506
          89   6.346702294471689E-005   4.998848477440576E-001
   7.681925695832169E-002  -1.115552659706683E-004  -3.122326440381630E-001
       -1.884213547541313
          90   2.365006942630186E-006       34.781733423299180
   1.448190121782680E-001  -7.311620105417285E-005   7.010101139109549E-001
  -9.090988056809009E-001
          91   1.070298159440433E-006   8.986924413232196E-001
      141.981357656923000  -5.333378703984240E-002  -4.099706864042336E-001
   7.025106382743328E-001
          92  -8.086616442052924E-006        2.090531469680994
        6.019453664991281  -6.204910430127969E-001  -4.703782913297632E-001
   4.673167602904119E-001
          93   5.835541336399463E-007      165.426904018135200
   4.107894077051723E-001  -4.149045042284328E-004   6.970068558265599E-001
  -2.666978499723196E-001
          94  -2.128594177434228E-006       10.219770589336280
   3.472888415345362E-001      -10.219769463138110        1.576287108540995
        1.188873702656008
          95   4.940285313627647E-005   1.462217376288612E-001
        1.940439217960954  -1.462018994032798E-001   5.449243510655306E-001
        1.054104248801831
          96  -1.241760035684191E-006        1.654661915836591
       66.035015704993310  -4.737495080354766E-002   1.030933344617779E-001
   7.055554332378732E-001
          97   4.349958554999959E-005        1.760966633221511
        1.541182531704199  -9.958349891580026E-004        1.536295602785453
   3.561600685652182E-001
          98  -9.094927938577450E-006   3.017840853599225E-001
        7.151677921060078  -3.017789945289276E-001        2.169235095741156
  -3.364972857003214E-001
          99   1.298799239990992E-005        2.714827464627673
        1.339579878346026       -1.138084564219235       -1.862001055177121
        3.188722203825816
         100   2.076932927646845E-005   1.644508314460494E-001
        2.641431699661708  -1.644503144617341E-001        1.543005234289619
   2.146873865311963E-001
         101  -1.501913340819921E-005        2.000842790312996
        2.643774786593606       -2.000813537524798   9.715287274078845E-001
   1.757194801731057E-001
 :END:
 
