      LinCoeff:.   AA1:        AA2:        B12:        RZ1:       RZ2:
 FNC: ======================================================================
  1   .1275D+00   .4453D+00   .2633D+00  -.7791D-02   .4703D+00  -.6513D+00
  2   .1163D+00   .6492D+00   .3153D+00  -.3829D-02   .5484D+00   .4409D+00
  3   .4237D-01   .5684D+00   .9812D+00  -.4237D-01   .6171D+00  -.2908D+00
  4  -.7319D-01   .2303D+00   .4680D+00   .1210D+00  -.1436D+00  -.5225D+00
  5   .7578D-01   .7599D+00   .1259D+00  -.1120D-02   .6152D+00  -.5051D+00
  6   .4062D-01   .1652D+00   .1160D+01  -.1153D-01  -.7058D+00  -.4219D+00
  7   .4590D-02   .2656D+01   .3513D+00  -.4469D-01  -.1454D+00  -.6125D+00
  8  -.3613D-01   .1169D+01   .4244D+00   .2133D+00  -.6192D+00  -.3118D+00
  9   .5114D-01   .6114D+00   .1498D+01   .4452D-02   .5273D+00   .6368D+00
 10   .2892D-01   .9482D+00   .2329D+01  -.1809D-01  -.6376D+00   .6804D+00
 11  -.4951D-02   .1817D+01   .7841D+00   .1085D+01   .5716D+00   .1280D+00
 12   .1484D-03   .8011D+00   .3066D+03  -.1645D+00   .3948D+00  -.7003D+00
 13   .8058D-02   .1383D+00   .1001D+02  -.1573D-02  -.1858D+00  -.6857D+00
 14   .5652D-02   .1635D+01   .4648D+01  -.1915D+00  -.6575D+00  -.6641D+00
 15  -.1088D-02   .1320D+01   .8740D+00   .5657D+01   .3412D+00   .6629D+00
 16   .1104D-02   .3685D+00   .7740D+02  -.9162D-01   .1859D+00  -.6983D+00
 17   .4879D-02   .6006D+01   .2324D+01  -.3407D-01   .6829D+00  -.6706D+00
 18   .5601D-01   .1935D+01   .2296D+00  -.8338D-02   .6456D+00  -.5167D+00
 19  -.4285D-04  -.8479D+00   .2298D+01   .1427D+03   .1066D+01   .7097D+00
 20   .3483D-02   .9091D+00   .1489D+02  -.3733D-01   .6369D+00  -.6918D+00
 21   .1624D-01   .3110D+00   .4041D+01  -.3278D-01  -.6522D+00  -.6788D+00
 22   .3184D-02   .5892D+00   .1453D+02  -.1178D+00  -.6300D+00  -.6860D+00
 23  -.3497D-02   .5642D+00   .2946D+00   .2337D+01   .1258D+00   .9210D+00
 24   .8319D-03   .1121D+01   .5788D+02   .2838D-01  -.6663D+00   .7008D+00
 25   .6408D-03   .5340D+01   .2200D+02   .7481D-01   .7029D+00  -.7063D+00
 26   .8595D-01   .1661D+00   .3303D+00  -.1272D-01   .3722D+00   .5511D+00
 27  -.9570D-04   .1607D+00   .3834D+01   .3810D+02   .1090D+01  -.5383D+00
 28   .1408D-04   .4027D+04   .5176D+00   .4820D-01  -.7007D+00   .7221D+00
 29   .1797D-01   .5418D+01   .4187D+00  -.1860D-01   .6755D+00  -.5813D+00
 30   .5649D-01   .9776D+00   .4376D+00   .3899D-02  -.7694D+00   .6214D+00
 31   .6136D-02   .1200D+00   .5334D+01   .8878D-02  -.1118D+01   .7241D+00
 32   .4340D-04   .1460D+03   .7342D+01  -.4298D+01  -.7004D+00  -.7001D+00
 33   .1050D-03   .6150D+03  -.2372D+00   .4953D+00   .7018D+00   .1773D+01
 34  -.1444D-05   .1246D+01   .5400D+00   .1756D+04  -.6220D+00   .5413D-01
 35  -.4586D-03   .9504D+00   .6491D+01   .4475D+01  -.2956D+00  -.7000D+00
 36  -.9863D-04   .6655D+00  -.9250D-02   .3775D+02   .3393D+00  -.1691D+00
 37   .1598D-03   .1762D+03  -.4377D-01   .6257D+00  -.7001D+00  -.1624D+01
 38   .3784D-03   .2598D+02   .2853D+01  -.6943D+00   .6953D+00   .6537D+00
 39   .5902D-03   .2111D+00   .5364D+02  -.6725D-02  -.9134D+00  -.6953D+00
 40   .1461D-04   .3145D+01   .8998D+03  -.4339D-01  -.6562D+00   .7001D+00
 41   .3616D-02   .1593D+01   .1940D+01  -.1136D+00  -.6884D+00  -.6158D-01
 42   .3202D-01   .4763D+00   .6742D-01  -.1410D-02  -.4152D+00  -.5776D+00
 43   .1310D-01   .3054D+01   .8941D-01   .1873D-02   .5818D+00   .1021D+00
 44  -.1075D-01   .6159D+00   .4548D+00   .5671D+00  -.2040D-01   .7315D+00
 45  -.3580D-03   .1740D+00   .1814D+01   .1926D+01  -.4817D+00   .1282D+01
 46   .5856D-05   .7589D+02   .5863D+00   .2575D+02   .7083D+00   .1179D+01
 47   .6032D-01   .2282D+00   .1263D+00  -.3309D-03   .4223D+00  -.7798D+00
 48   .7813D-05  -.2195D-01   .1795D+02   .3201D+00  -.1588D+01   .2853D+00
 49   .2775D-03   .7271D-01   .2047D+03   .3247D-01   .5428D+00  -.7002D+00
 50   .8453D-02   .1997D+01   .1214D+00  -.1001D-01   .8622D+00   .7450D+00
 51   .4010D-02   .2527D+00   .2144D+02   .1508D-01  -.6908D+00   .6996D+00
 52  -.2098D-01   .1960D+00   .1191D+00   .7293D-01   .2496D+00  -.6943D+00
 53  -.3476D-03   .6859D+00   .5747D+00   .1487D+02   .3312D+00  -.1345D+01
 54  -.5275D-05  -.1069D+00   .8893D+00   .5914D+03  -.1615D+01   .1331D+00
 55  -.4166D-02   .2341D+00   .1761D+00   .7330D+00  -.8167D+00   .1061D+00
 56  -.2454D-05   .2443D+00   .1058D+02   .5957D+03   .2103D+01  -.6855D+00
 57   .1183D-02   .9969D-01   .3327D+02  -.1838D-01   .9321D-01  -.6929D+00
 58  -.1324D-04   .3665D+02   .2503D+03   .4741D-02  -.7083D+00   .7015D+00
 59   .2325D-03   .9114D+01   .9893D+01  -.2759D+00  -.6091D+00  -.7499D+00
 60   .4048D-04   .2241D+02   .1498D+03   .1641D+01   .8047D+00  -.7140D+00
 61   .1218D-01   .1593D+00   .7134D-01  -.5209D-02   .2793D+00   .1641D-01
 62   .3060D-03   .4388D+02   .7564D+00  -.6221D-01  -.7005D+00  -.7974D+00
 63   .1199D-02   .7597D+01   .9135D+00  -.4352D-01  -.7758D+00   .1097D+00
 64   .1025D-04   .1976D+04  -.1151D+00   .1153D+01  -.7002D+00  -.1311D+01
 65   .1339D-02   .7001D+00   .3669D+00  -.5403D-01   .1573D+01   .5217D+00
 66   .9425D-03   .7339D+01   .4902D-01  -.4210D-02  -.7140D+00  -.5343D+00
 67  -.7566D-11   .2590D+00   .5147D+06   .5326D-02   .1249D+01  -.8150D+00
 68  -.7987D-04   .1111D+01   .4823D+01  -.1747D-01   .1700D+01  -.1052D+01
 69  -.3438D-03   .6415D-01   .4068D+00   .7542D+01   .1476D+01   .1701D+00
 70  -.4423D-04   .3110D+00   .5862D+01   .2078D+02  -.1088D+01   .9717D+00
 71  -.2463D-04   .1362D+01   .2218D+02   .1390D+02   .4407D+00  -.7054D+00
 72  -.1482D-02   .2672D+00   .3500D+01   .9272D+00   .2644D+00   .6995D+00
 73   .1091D-01   .1367D+01   .6138D-01  -.1220D-02   .5762D+00  -.4849D+00
 74  -.4447D-11   .2630D+00   .2567D+06   .4715D-01  -.3769D+00   .8109D+00
 75   .1729D-04   .2949D+04   .5687D-01   .6242D-01   .7006D+00  -.1269D+01
 76  -.9156D-05   .6710D+01   .1530D+02   .7992D+02   .7003D+00   .6909D+00
 77   .4703D-04   .2461D+03   .3000D+01   .4804D+00  -.7046D+00   .9317D+00
 78   .1240D-02   .4664D-01   .4721D+00  -.3210D-03   .7533D+00  -.1730D+01
 79   .2217D-03   .1384D+00   .3095D+02   .1050D-01  -.1278D+01  -.7332D+00
 80  -.3938D-06   .9814D+00   .5759D+00   .8850D+04   .1189D+01  -.3671D+00
 81   .1988D-04   .1493D+00   .7800D+03   .4505D-01   .1929D+01   .6963D+00
 82   .2782D-06   .1669D+06   .4544D+00  -.1682D+00  -.7019D+00   .1774D+00
 83   .2137D-03   .2030D+00   .1072D+02  -.3897D-01   .4786D+00  -.4057D+00
 84   .5327D-06   .1200D-02   .1190D+06   .2532D+00  -.8581D-01   .6996D+00
 ---------------------------------------------------------------------------
 ENERGY=      -1.174473870590786   --->   ||g||^2 =   4.051962116791049E-010
 
 :BEGIN:
          84
           1   1.274728465766791E-001   6.614172416318320E-001
   5.053538492941305E-001   1.177987600995306E-002   4.703243058671837E-001
  -6.513056319112648E-001
           2   1.163157932818271E-001   8.033205174647808E-001
   5.580954527138886E-001   4.766124801095158E-003   5.484090234827236E-001
   4.409127559102385E-001
           3   4.237251770689372E-002   7.253120767308489E-001
   9.671679959902377E-001   5.841101819498967E-002   6.170973619302163E-001
  -2.907748001374293E-001
           4  -7.318652679272507E-002   5.927100131407088E-001
   7.398367996464125E-001  -2.040787516001895E-001  -1.436169493923934E-001
  -5.225095562624673E-001
           5   7.577915209771979E-002   8.710638132750459E-001
   3.532808737022003E-001   1.285828373635695E-003   6.151522508002174E-001
  -5.051497050732084E-001
           6   4.061791203194273E-002   3.919648430292890E-001
        1.071369401276812   2.941186612742731E-002  -7.057610764613445E-001
  -4.218597313224823E-001
           7   4.589928446849837E-003        1.616080912979625
   5.530596454144665E-001   2.765371563080155E-002  -1.453995497173052E-001
  -6.125454932171198E-001
           8  -3.613424476568913E-002        1.175829473078187
   7.776937717998605E-001  -1.813852659715055E-001  -6.191756329787168E-001
  -3.117816812151374E-001
           9   5.114290800037043E-002   7.847824546527790E-001
        1.225558207088761  -5.672302464388180E-003   5.272584677322466E-001
   6.367819905809931E-001
          10   2.891543544246789E-002   9.643968776081633E-001
        1.520075975146736   1.876030182914909E-002  -6.376169463765199E-001
   6.803551296694487E-001
          11  -4.950894733867776E-003        1.703579969023352
        1.209794507768477  -6.371241117068262E-001   5.715865478020938E-001
   1.279770584917414E-001
          12   1.484345584488907E-004   7.978701671488624E-001
       17.505287900051120   2.062165953306765E-001   3.948315110469464E-001
  -7.003385631528727E-001
          13   8.058076561707917E-003   3.698072338947558E-001
        3.164233511418920   4.254697281718986E-003  -1.858484123426413E-001
  -6.857100197857178E-001
          14   5.652410772089120E-003        1.201374818985668
        2.104982732046975   1.593923432277987E-001  -6.574766945064633E-001
  -6.640537287438284E-001
          15  -1.087786948946476E-003        2.641339341132464
        1.394302544632018       -2.141707639533263   3.411745120248605E-001
   6.629183676426028E-001
          16   1.103686116754219E-003   5.261812836065537E-001
        8.790884381580773   1.741213454955118E-001   1.859055302118014E-001
  -6.983264834960908E-001
          17   4.878836385922596E-003        2.443813447646161
        1.513066324468820   1.394176161279693E-002   6.828618563685929E-001
  -6.705654310256417E-001
          18   5.600518888390595E-002        1.388177003791236
   4.703167195772380E-001   6.006227982730924E-003   6.456222434916983E-001
  -5.167003859079390E-001
          19  -4.284549123930014E-005       11.910412358017300
        1.201967081511389      -11.981599234571170        1.066041737583517
   7.096855219641206E-001
          20   3.483384475899743E-003   9.336646393875088E-001
        3.853126930731050   3.998597200390051E-002   6.369161733924010E-001
  -6.918209756320339E-001
          21   1.624111478185893E-002   5.274609020021490E-001
        2.000999560612677   6.214505048648399E-002  -6.521913229922833E-001
  -6.788115244182885E-001
          22   3.183984465136999E-003   6.865689672216560E-001
        3.792550621897048   1.716369704116058E-001  -6.299987061574660E-001
  -6.860447356360145E-001
          23  -3.497484420070543E-003        1.703165557604647
   8.654813493706247E-001       -1.371927130932479   1.258181050080078E-001
   9.209719610859461E-001
          24   8.318636444587172E-004        1.071868630644199
        7.609968085801467  -2.647616371359521E-002  -6.663189962887135E-001
   7.008462913722127E-001
          25   6.408208238030743E-004        2.326994854981456
        4.697930001022653  -3.214944985459534E-002   7.028544229364007E-001
  -7.063357069072770E-001
          26   8.595310520002623E-002   3.916007168154140E-001
   5.626492186268858E-001   3.248093038946245E-002   3.722022556912021E-001
   5.511282088992539E-001
          27  -9.570288499127740E-005        6.185547821246506
        1.998585820187050       -6.159568954860550        1.089822224182006
  -5.382979928532429E-001
          28   1.408066151709280E-005       63.456919194175780
   7.522185081898235E-001  -7.596214779723677E-004  -7.006516175287506E-001
   7.221232807130845E-001
          29   1.797100503044782E-002        2.323711439210945
   6.324804194991340E-001   8.006258882443182E-003   6.754836814497482E-001
  -5.812728853837272E-001
          30   5.649339806144087E-002   9.907232809135165E-001
   6.644068011811085E-001  -3.935412147190208E-003  -7.693552061420663E-001
   6.213893449288364E-001
          31   6.136477888505203E-003   3.590142288740434E-001
        2.311317922668239  -2.472821524044064E-002       -1.118126770693563
   7.240841169071668E-001
          32   4.339542454147557E-005       11.902298586375580
        1.706950323692662   3.610972278946373E-001  -7.003521754367579E-001
  -7.001295929015884E-001
          33   1.050138047126020E-004       24.808980446454680
   5.076118901285371E-001  -1.996352039026470E-002   7.018057704675024E-001
        1.773497061244099
          34  -1.443998164239652E-006       41.918706579600640
        1.336095257238083      -41.888980785929600  -6.219691110129340E-001
   5.413005606418463E-002
          35  -4.586184228400435E-004        2.329171658253042
        2.697262054876687       -1.921116050283319  -2.955656980625254E-001
  -6.999532615208643E-001
          36  -9.863422018978071E-005        6.197893654401841
   8.029511275229487E-001       -6.090516833343286   3.393403507083925E-001
  -1.691482769517632E-001
          37   1.598156986967011E-004       13.295787503098770
   7.613960117924604E-001  -4.706076211661006E-002  -7.000768293825035E-001
       -1.624458064424498
          38   3.783883585784910E-004        5.028080564882152
        1.462825858631460   1.380873616592335E-001   6.952656482072812E-001
   6.537333057700461E-001
          39   5.901884695271845E-004   4.520386066612031E-001
        7.323726790122323   1.487703124414033E-002  -9.134048245482086E-001
  -6.953351009600048E-001
          40   1.460815190621735E-005        1.761132604476395
       29.995591261019340   2.463568662457977E-002  -6.561958968260988E-001
   7.001179633615312E-001
          41   3.615640930464053E-003        1.216390418617345
        1.348365201431262   9.335844010841984E-002  -6.884038364674070E-001
  -6.157978773969464E-002
          42   3.202413741809311E-002   6.891582628940485E-001
   2.569076647336476E-001   2.046531921777093E-003  -4.152047891486937E-001
  -5.776361543955888E-001
          43   1.310182581983767E-002        1.748023085877604
   3.021300745644181E-001  -1.071572815383272E-003   5.818089133590308E-001
   1.021257127699574E-001
          44  -1.074955816265545E-002        1.087690536148647
   8.660863381551426E-001  -5.214144830145916E-001  -2.040277342628481E-002
   7.314500155173578E-001
          45  -3.580076115497359E-004        1.449301222088135
        1.404866765479609       -1.329248521152477  -4.817253892068585E-001
        1.282339704851274
          46   5.856008898787822E-006       10.081429568896810
        4.451005514433663       -2.554017199803607   7.082583947812758E-001
        1.178551053363621
          47   6.032001072356547E-002   4.774056879649655E-001
   3.548843877084045E-001   6.931140366986827E-004   4.223489427263455E-001
  -7.798336793185263E-001
          48   7.813252743195990E-006   5.460576247446053E-001
        4.233698547089554  -5.862479876685035E-001       -1.587854038729259
   2.852777836520232E-001
          49   2.774863065869604E-004   3.243270737988181E-001
       14.309354745981410  -1.001277009509893E-001   5.427946224647683E-001
  -7.001502029243606E-001
          50   8.453197640903106E-003        1.409591075394298
   3.336411305323465E-001   7.100061538682066E-003   8.621831112291541E-001
   7.450338025958976E-001
          51   4.009848009667973E-003   5.174770048306033E-001
        4.632231043119163  -2.914320509693118E-002  -6.908194306992412E-001
   6.996449719325583E-001
          52  -2.098239375357387E-002   5.185720754082563E-001
   4.150093917750181E-001  -1.406414958799538E-001   2.495641402752331E-001
  -6.943133015662413E-001
          53  -3.475964521871121E-004        3.943919974116674
        1.109202282964034       -3.770011820188204   3.311857331713523E-001
       -1.344617120475562
          54  -5.275221884727465E-006       24.317343522811270
   8.845170497382147E-001      -24.321740987060620       -1.615394216031482
   1.330851406648828E-001
          55  -4.166388830760395E-003   9.833876347057931E-001
   5.945317404508641E-001  -7.453667721704828E-001  -8.167392010379068E-001
   1.061165507442684E-001
          56  -2.453565917052966E-006       24.412698949306840
        3.290688464379661      -24.402693647005350        2.103308677729397
  -6.855429687839117E-001
          57   1.183038309925969E-003   2.851465396508270E-001
        5.765812666632163   6.446130550193391E-002   9.321221555228884E-002
  -6.928811083566223E-001
          58  -1.323527669035515E-005        6.054065874111427
       15.819926469952460  -7.831343459514058E-004  -7.083081966301693E-001
   7.014587942528069E-001
          59   2.325203303434520E-004        2.972944182901486
        3.099771554999887   9.279454632941540E-002  -6.091030130469831E-001
  -7.499043492253141E-001
          60   4.047977597075733E-005        4.903761054554558
       12.301699735164470  -3.346155236894524E-001   8.047119729377217E-001
  -7.139772580233114E-001
          61   1.218206531897719E-002   3.924928652287982E-001
   2.568190085523626E-001   1.327140634324650E-002   2.792618717478078E-001
   1.641315076346992E-002
          62   3.060295806224446E-004        6.619293499531881
   8.331206851112412E-001   9.397744844617027E-003  -7.005077024329405E-001
  -7.974288738485398E-001
          63   1.199132919422724E-003        2.748382364798772
   9.326142199541910E-001   1.583412805459634E-002  -7.758003429334620E-001
   1.097087947681444E-001
          64   1.024651434962038E-005       44.466668232473330
        1.018636676472052  -2.593882029417608E-002  -7.001892279768007E-001
       -1.310778657277018
          65   1.339031135964666E-003   8.037606612935923E-001
   5.553025130848612E-001   6.721824115900194E-002        1.573017243426517
   5.216515792051415E-001
          66   9.424727319308193E-004        2.708286801161661
   2.116733737583859E-001   1.554490901110987E-003  -7.140442477161871E-001
  -5.342756809942887E-001
          67  -7.566080711796077E-012   5.140963943980991E-001
      717.421809090198300  -1.036026774423561E-002        1.249441576804378
  -8.150331335484792E-001
          68  -7.987429244205938E-005        1.045673988574019
        2.192103857476562   1.670321772901598E-002        1.699737867425220
       -1.052303483812494
          69  -3.437535133305185E-004        2.757957538436846
   6.858862281538887E-001       -2.734697244173411        1.476152134669403
   1.701312537764826E-001
          70  -4.422536936947706E-005        4.592566812966511
        2.483662083979678       -4.524858620558910       -1.087937163632883
   9.717143572115504E-001
          71  -2.463155137718379E-005        3.906239690641250
        4.839287289284211       -3.557525177226995   4.406653023525223E-001
  -7.053976538071892E-001
          72  -1.481622171256265E-003        1.092899378368058
        1.925585364616261  -8.484194301559112E-001   2.644423511180099E-001
   6.995257470419345E-001
          73   1.091208073482615E-002        1.168750781899445
   2.452758920151073E-001   1.043441520195506E-003   5.761641293620106E-001
  -4.848967678684178E-001
          74  -4.447055157606899E-012   5.569509107936850E-001
      506.674801884586200  -8.465639633989540E-002  -3.769052859740423E-001
   8.108992968159309E-001
          75   1.729065786261140E-005       54.305448637997010
   3.453846435761034E-001  -1.149485918324729E-003   7.006088341086811E-001
       -1.269449384292406
          76  -9.156241836927012E-006        9.307457780825825
        4.635672059164135       -8.586503674631778   7.002760340685074E-001
   6.909427765400962E-001
          77   4.703130924620269E-005       15.701391426984190
        1.865338529001297  -3.059759498714032E-002  -7.046207117406098E-001
   9.317469798814251E-001
          78   1.239861857142268E-003   2.152083269762033E-001
   6.868323725954043E-001   1.491727611034117E-003   7.532685455003536E-001
       -1.729601438850130
          79   2.216890033176111E-004   3.858592817646990E-001
        5.563768877079067  -2.720265359327630E-002       -1.278064204532565
  -7.331740206462063E-001
          80  -3.937881115437913E-007       94.077556025836860
        1.247862845832142      -94.067124277055770        1.189493863685089
  -3.671037718584781E-001
          81   1.988065846066440E-005   4.408297408912064E-001
       27.929565338122810  -1.021992228458659E-001        1.928882933074205
   6.963217914357971E-001
          82   2.782055563535331E-007      408.580427134451300
   5.349829911574251E-001   4.116686449104156E-004  -7.019418195642962E-001
   1.774164200876972E-001
          83   2.137388281612105E-004   4.049930636553505E-001
        3.266971601352904   9.621457778502900E-002   4.786205117149205E-001
  -4.056836597961732E-001
          84   5.326573405426082E-007   5.043514399591732E-001
      345.011941446259000  -5.019730518325880E-001  -8.580592409369381E-002
   6.995915733768370E-001
 :END:
 
