      LinCoeff:.   AA1:        AA2:        B12:        RZ1:       RZ2:
 FNC: ======================================================================
  1   .1275D+00   .4453D+00   .2633D+00  -.7791D-02   .4703D+00  -.6513D+00
  2   .1163D+00   .6492D+00   .3153D+00  -.3829D-02   .5484D+00   .4409D+00
  3   .4237D-01   .5684D+00   .9812D+00  -.4237D-01   .6171D+00  -.2908D+00
  4  -.7319D-01   .2303D+00   .4680D+00   .1210D+00  -.1436D+00  -.5225D+00
  5   .7578D-01   .7599D+00   .1259D+00  -.1120D-02   .6152D+00  -.5051D+00
  6   .4062D-01   .1652D+00   .1160D+01  -.1153D-01  -.7058D+00  -.4219D+00
  7   .4590D-02   .2656D+01   .3513D+00  -.4469D-01  -.1454D+00  -.6125D+00
  8  -.3613D-01   .1169D+01   .4244D+00   .2133D+00  -.6192D+00  -.3118D+00
  9   .5114D-01   .6114D+00   .1498D+01   .4452D-02   .5273D+00   .6368D+00
 10   .2892D-01   .9482D+00   .2329D+01  -.1809D-01  -.6376D+00   .6804D+00
 11  -.4951D-02   .1817D+01   .7841D+00   .1085D+01   .5716D+00   .1280D+00
 12   .1484D-03   .8011D+00   .3066D+03  -.1645D+00   .3948D+00  -.7003D+00
 13   .8058D-02   .1383D+00   .1001D+02  -.1573D-02  -.1858D+00  -.6857D+00
 14   .5652D-02   .1635D+01   .4648D+01  -.1915D+00  -.6575D+00  -.6641D+00
 15  -.1088D-02   .1320D+01   .8740D+00   .5657D+01   .3412D+00   .6629D+00
 16   .1104D-02   .3685D+00   .7740D+02  -.9162D-01   .1859D+00  -.6983D+00
 17   .4879D-02   .6006D+01   .2324D+01  -.3407D-01   .6829D+00  -.6706D+00
 18   .5601D-01   .1935D+01   .2296D+00  -.8338D-02   .6456D+00  -.5167D+00
 19  -.4285D-04  -.8479D+00   .2298D+01   .1427D+03   .1066D+01   .7097D+00
 20   .3483D-02   .9091D+00   .1489D+02  -.3733D-01   .6369D+00  -.6918D+00
 21   .1624D-01   .3110D+00   .4041D+01  -.3278D-01  -.6522D+00  -.6788D+00
 22   .3184D-02   .5892D+00   .1453D+02  -.1178D+00  -.6300D+00  -.6860D+00
 23  -.3497D-02   .5642D+00   .2946D+00   .2337D+01   .1258D+00   .9210D+00
 24   .8319D-03   .1121D+01   .5788D+02   .2838D-01  -.6663D+00   .7008D+00
 25   .6408D-03   .5340D+01   .2200D+02   .7481D-01   .7029D+00  -.7063D+00
 26   .8595D-01   .1661D+00   .3303D+00  -.1272D-01   .3722D+00   .5511D+00
 27  -.9570D-04   .1607D+00   .3834D+01   .3810D+02   .1090D+01  -.5383D+00
 28   .1408D-04   .4027D+04   .5176D+00   .4820D-01  -.7007D+00   .7221D+00
 29   .1797D-01   .5418D+01   .4187D+00  -.1860D-01   .6755D+00  -.5813D+00
 30   .5649D-01   .9776D+00   .4376D+00   .3899D-02  -.7694D+00   .6214D+00
 31   .6136D-02   .1200D+00   .5334D+01   .8878D-02  -.1118D+01   .7241D+00
 32   .4340D-04   .1460D+03   .7342D+01  -.4298D+01  -.7004D+00  -.7001D+00
 33   .1050D-03   .6150D+03  -.2372D+00   .4953D+00   .7018D+00   .1773D+01
 34  -.1444D-05   .1246D+01   .5400D+00   .1756D+04  -.6220D+00   .5413D-01
 35  -.4586D-03   .9504D+00   .6491D+01   .4475D+01  -.2956D+00  -.7000D+00
 36  -.9863D-04   .6655D+00  -.9250D-02   .3775D+02   .3393D+00  -.1691D+00
 37   .1598D-03   .1762D+03  -.4377D-01   .6257D+00  -.7001D+00  -.1624D+01
 38   .3784D-03   .2598D+02   .2853D+01  -.6943D+00   .6953D+00   .6537D+00
 39   .5902D-03   .2111D+00   .5364D+02  -.6725D-02  -.9134D+00  -.6953D+00
 40   .1461D-04   .3145D+01   .8998D+03  -.4339D-01  -.6562D+00   .7001D+00
 41   .3616D-02   .1593D+01   .1940D+01  -.1136D+00  -.6884D+00  -.6158D-01
 42   .3202D-01   .4763D+00   .6742D-01  -.1410D-02  -.4152D+00  -.5776D+00
 43   .1310D-01   .3054D+01   .8941D-01   .1873D-02   .5818D+00   .1021D+00
 44  -.1075D-01   .6159D+00   .4548D+00   .5671D+00  -.2040D-01   .7315D+00
 45  -.3580D-03   .1740D+00   .1814D+01   .1926D+01  -.4817D+00   .1282D+01
 46   .5856D-05   .7589D+02   .5863D+00   .2575D+02   .7083D+00   .1179D+01
 47   .6032D-01   .2282D+00   .1263D+00  -.3309D-03   .4223D+00  -.7798D+00
 48   .7813D-05  -.2195D-01   .1795D+02   .3201D+00  -.1588D+01   .2853D+00
 49   .2775D-03   .7271D-01   .2047D+03   .3247D-01   .5428D+00  -.7002D+00
 50   .8453D-02   .1997D+01   .1214D+00  -.1001D-01   .8622D+00   .7450D+00
 51   .4010D-02   .2527D+00   .2144D+02   .1508D-01  -.6908D+00   .6996D+00
 52  -.2098D-01   .1960D+00   .1191D+00   .7293D-01   .2496D+00  -.6943D+00
 53  -.3476D-03   .6859D+00   .5747D+00   .1487D+02   .3312D+00  -.1345D+01
 54  -.5275D-05  -.1069D+00   .8893D+00   .5914D+03  -.1615D+01   .1331D+00
 55  -.4166D-02   .2341D+00   .1761D+00   .7330D+00  -.8167D+00   .1061D+00
 56  -.2454D-05   .2443D+00   .1058D+02   .5957D+03   .2103D+01  -.6855D+00
 57   .1183D-02   .9969D-01   .3327D+02  -.1838D-01   .9321D-01  -.6929D+00
 58  -.1324D-04   .3665D+02   .2503D+03   .4741D-02  -.7083D+00   .7015D+00
 59   .2325D-03   .9114D+01   .9893D+01  -.2759D+00  -.6091D+00  -.7499D+00
 60   .4048D-04   .2241D+02   .1498D+03   .1641D+01   .8047D+00  -.7140D+00
 61   .1218D-01   .1593D+00   .7134D-01  -.5209D-02   .2793D+00   .1641D-01
 62   .3060D-03   .4388D+02   .7564D+00  -.6221D-01  -.7005D+00  -.7974D+00
 63   .1199D-02   .7597D+01   .9135D+00  -.4352D-01  -.7758D+00   .1097D+00
 64   .1025D-04   .1976D+04  -.1151D+00   .1153D+01  -.7002D+00  -.1311D+01
 65   .1339D-02   .7001D+00   .3669D+00  -.5403D-01   .1573D+01   .5217D+00
 66   .9425D-03   .7339D+01   .4902D-01  -.4210D-02  -.7140D+00  -.5343D+00
 67  -.6592D-11   .2590D+00   .5147D+06   .5326D-02   .1249D+01  -.8150D+00
 68  -.7987D-04   .1111D+01   .4823D+01  -.1747D-01   .1700D+01  -.1052D+01
 69  -.3438D-03   .6415D-01   .4068D+00   .7542D+01   .1476D+01   .1701D+00
 70  -.4423D-04   .3110D+00   .5862D+01   .2078D+02  -.1088D+01   .9717D+00
 71  -.2463D-04   .1362D+01   .2218D+02   .1390D+02   .4407D+00  -.7054D+00
 72  -.1482D-02   .2672D+00   .3500D+01   .9272D+00   .2644D+00   .6995D+00
 73   .1091D-01   .1367D+01   .6138D-01  -.1220D-02   .5762D+00  -.4849D+00
 74  -.5000D-11   .2630D+00   .2567D+06   .4715D-01  -.3769D+00   .8109D+00
 75   .1729D-04   .2949D+04   .5687D-01   .6242D-01   .7006D+00  -.1269D+01
 76  -.9156D-05   .6710D+01   .1530D+02   .7992D+02   .7003D+00   .6909D+00
 77   .4703D-04   .2461D+03   .3000D+01   .4804D+00  -.7046D+00   .9317D+00
 78   .1240D-02   .4664D-01   .4721D+00  -.3210D-03   .7533D+00  -.1730D+01
 79   .2217D-03   .1384D+00   .3095D+02   .1050D-01  -.1278D+01  -.7332D+00
 80  -.3938D-06   .9814D+00   .5759D+00   .8850D+04   .1189D+01  -.3671D+00
 81   .1988D-04   .1493D+00   .7800D+03   .4505D-01   .1929D+01   .6963D+00
 82   .2776D-06   .1669D+06   .4544D+00  -.1682D+00  -.7019D+00   .1774D+00
 83   .2137D-03   .2030D+00   .1072D+02  -.3897D-01   .4786D+00  -.4057D+00
 84   .5277D-06   .1200D-02   .1190D+06   .2532D+00  -.8581D-01   .6996D+00
 ---------------------------------------------------------------------------
 ENERGY=      -1.174473870585938   --->   ||g||^2 =   4.547457621980169E-006
 
 :BEGIN:
          84
           1   1.274728465761489E-001   6.614172416341113E-001
   5.053538492919216E-001   1.177987600813257E-002   4.703243058656708E-001
  -6.513056319124475E-001
           2   1.163157932813215E-001   8.033205174598520E-001
   5.580954527226406E-001   4.766124810751988E-003   5.484090234818509E-001
   4.409127559113614E-001
           3   4.237251770562386E-002   7.253120767318466E-001
   9.671679959898252E-001   5.841101819429941E-002   6.170973619310577E-001
  -2.907748001376964E-001
           4  -7.318652679474606E-002   5.927100131397021E-001
   7.398367996479491E-001  -2.040787516004917E-001  -1.436169493932541E-001
  -5.225095562639498E-001
           5   7.577915209894442E-002   8.710638132759748E-001
   3.532808737030698E-001   1.285828371594219E-003   6.151522507957623E-001
  -5.051497050734934E-001
           6   4.061791203226573E-002   3.919648430232013E-001
        1.071369401277628   2.941186612826632E-002  -7.057610764609504E-001
  -4.218597313220424E-001
           7   4.589928445973380E-003        1.616080912979448
   5.530596454157122E-001   2.765371563000728E-002  -1.453995497179219E-001
  -6.125454932172525E-001
           8  -3.613424476371659E-002        1.175829473074798
   7.776937718001290E-001  -1.813852659711382E-001  -6.191756329790289E-001
  -3.117816812158291E-001
           9   5.114290799934371E-002   7.847824546496546E-001
        1.225558207091520  -5.672302464215241E-003   5.272584677305062E-001
   6.367819905811603E-001
          10   2.891543544206442E-002   9.643968776067844E-001
        1.520075975146136   1.876030182574093E-002  -6.376169463740330E-001
   6.803551296657496E-001
          11  -4.950894737969769E-003        1.703579969023404
        1.209794507769207  -6.371241117067257E-001   5.715865478024900E-001
   1.279770584919517E-001
          12   1.484345645900533E-004   7.978701671484599E-001
       17.505287900051280   2.062165953303822E-001   3.948315110468078E-001
  -7.003385631556163E-001
          13   8.058076561690065E-003   3.698072338941268E-001
        3.164233511419059   4.254697282678350E-003  -1.858484123431057E-001
  -6.857100197871534E-001
          14   5.652410771137316E-003        1.201374818986587
        2.104982732046904   1.593923432277938E-001  -6.574766945063351E-001
  -6.640537287443171E-001
          15  -1.087786951512587E-003        2.641339341132247
        1.394302544632387       -2.141707639533884   3.411745120255121E-001
   6.629183676429235E-001
          16   1.103686118152391E-003   5.261812836072092E-001
        8.790884381580465   1.741213454956181E-001   1.859055302113385E-001
  -6.983264834945686E-001
          17   4.878836386643338E-003        2.443813447647056
        1.513066324468920   1.394176160956400E-002   6.828618563655556E-001
  -6.705654310239843E-001
          18   5.600518888443356E-002        1.388177003790106
   4.703167195778781E-001   6.006227980929223E-003   6.456222434916181E-001
  -5.167003859069809E-001
          19  -4.284549097857758E-005       11.910412358017020
        1.201967081511620      -11.981599234571470        1.066041737583570
   7.096855219639831E-001
          20   3.483384477387216E-003   9.336646393876749E-001
        3.853126930731324   3.998597200547905E-002   6.369161733934980E-001
  -6.918209756316602E-001
          21   1.624111478175123E-002   5.274609020025048E-001
        2.000999560612362   6.214505048701376E-002  -6.521913229918589E-001
  -6.788115244178468E-001
          22   3.183984467315640E-003   6.865689672200511E-001
        3.792550621898240   1.716369704119989E-001  -6.299987061577258E-001
  -6.860447356355442E-001
          23  -3.497484421796626E-003        1.703165557604057
   8.654813493713714E-001       -1.371927130933577   1.258181050082255E-001
   9.209719610861098E-001
          24   8.318636465429415E-004        1.071868630644196
        7.609968085801702  -2.647616371398681E-002  -6.663189962884658E-001
   7.008462913705718E-001
          25   6.408208259308989E-004        2.326994854981180
        4.697930001022534  -3.214944985547016E-002   7.028544229350160E-001
  -7.063357069072800E-001
          26   8.595310519855473E-002   3.916007168162752E-001
   5.626492186254499E-001   3.248093039023005E-002   3.722022556911944E-001
   5.511282088998764E-001
          27  -9.570288699480301E-005        6.185547821247170
        1.998585820187097       -6.159568954859962        1.089822224182018
  -5.382979928530608E-001
          28   1.408071861105991E-005       63.456919194175760
   7.522185081895788E-001  -7.596214739426112E-004  -7.006516175289792E-001
   7.221232807131106E-001
          29   1.797100503152524E-002        2.323711439211590
   6.324804194992809E-001   8.006258882298910E-003   6.754836814530916E-001
  -5.812728853831349E-001
          30   5.649339806193064E-002   9.907232809134347E-001
   6.644068011825066E-001  -3.935412149435801E-003  -7.693552061418374E-001
   6.213893449292228E-001
          31   6.136477885774420E-003   3.590142288731009E-001
        2.311317922668297  -2.472821523976345E-002       -1.118126770693420
   7.240841169081987E-001
          32   4.339542499188858E-005       11.902298586375560
        1.706950323692665   3.610972278946714E-001  -7.003521754383021E-001
  -7.001295929015700E-001
          33   1.050138158158510E-004       24.808980446454500
   5.076118901285071E-001  -1.996352039493625E-002   7.018057704744360E-001
        1.773497061244047
          34  -1.443984363274038E-006       41.918706579600550
        1.336095257238067      -41.888980785929680  -6.219691110129301E-001
   5.413005606418630E-002
          35  -4.586184231227785E-004        2.329171658252875
        2.697262054876629       -1.921116050283565  -2.955656980621429E-001
  -6.999532615212911E-001
          36  -9.863422415047427E-005        6.197893654401493
   8.029511275227186E-001       -6.090516833343513   3.393403507083084E-001
  -1.691482769517620E-001
          37   1.598157003419056E-004       13.295787503098690
   7.613960117929578E-001  -4.706076211795360E-002  -7.000768293850415E-001
       -1.624458064424484
          38   3.783883591393630E-004        5.028080564882083
        1.462825858631265   1.380873616583751E-001   6.952656482072914E-001
   6.537333057704431E-001
          39   5.901884691069541E-004   4.520386066611309E-001
        7.323726790122449   1.487703124446494E-002  -9.134048245484646E-001
  -6.953351009591308E-001
          40   1.460816115696118E-005        1.761132604476622
       29.995591261019310   2.463568662464673E-002  -6.561958968261952E-001
   7.001179633614946E-001
          41   3.615640929754736E-003        1.216390418617872
        1.348365201431397   9.335844010807426E-002  -6.884038364665821E-001
  -6.157978773928539E-002
          42   3.202413741885615E-002   6.891582628965145E-001
   2.569076647339837E-001   2.046531922717043E-003  -4.152047891473231E-001
  -5.776361543960159E-001
          43   1.310182582164576E-002        1.748023085877846
   3.021300745640793E-001  -1.071572810545014E-003   5.818089133609582E-001
   1.021257127699901E-001
          44  -1.074955816505443E-002        1.087690536148525
   8.660863381559724E-001  -5.214144830142667E-001  -2.040277342603725E-002
   7.314500155178120E-001
          45  -3.580076120193202E-004        1.449301222087956
        1.404866765479484       -1.329248521152745  -4.817253892069389E-001
        1.282339704851297
          46   5.856008743188488E-006       10.081429568896800
        4.451005514433676       -2.554017199803605   7.082583947814214E-001
        1.178551053363624
          47   6.032001072351025E-002   4.774056879646101E-001
   3.548843877100618E-001   6.931140388912853E-004   4.223489427263374E-001
  -7.798336793188190E-001
          48   7.813252565751338E-006   5.460576247446148E-001
        4.233698547089562  -5.862479876684640E-001       -1.587854038729258
   2.852777836521326E-001
          49   2.774863082404272E-004   3.243270737985737E-001
       14.309354745981730  -1.001277009513520E-001   5.427946224647389E-001
  -7.001502029201905E-001
          50   8.453197641888672E-003        1.409591075394646
   3.336411305325960E-001   7.100061542122492E-003   8.621831112284701E-001
   7.450338025958828E-001
          51   4.009848009974924E-003   5.174770048303610E-001
        4.632231043119430  -2.914320509539746E-002  -6.908194306993224E-001
   6.996449719362740E-001
          52  -2.098239375327008E-002   5.185720754101969E-001
   4.150093917732242E-001  -1.406414958784888E-001   2.495641402755575E-001
  -6.943133015663541E-001
          53  -3.475964562636193E-004        3.943919974115511
        1.109202282964135       -3.770011820189213   3.311857331713035E-001
       -1.344617120475690
          54  -5.275218074963115E-006       24.317343522811880
   8.845170497383028E-001      -24.321740987060020       -1.615394216031481
   1.330851406648703E-001
          55  -4.166388832071963E-003   9.833876347063664E-001
   5.945317404507774E-001  -7.453667721702935E-001  -8.167392010379553E-001
   1.061165507443257E-001
          56  -2.453564302157718E-006       24.412698949306890
        3.290688464379678      -24.402693647005300        2.103308677729397
  -6.855429687839035E-001
          57   1.183038310574988E-003   2.851465396510822E-001
        5.765812666632248   6.446130550074830E-002   9.321221555146443E-002
  -6.928811083557960E-001
          58  -1.323527536617887E-005        6.054065874111462
       15.819926469952460  -7.831343459084625E-004  -7.083081966302275E-001
   7.014587942535250E-001
          59   2.325203299287960E-004        2.972944182901648
        3.099771554999947   9.279454632912314E-002  -6.091030130468192E-001
  -7.499043492252889E-001
          60   4.047977550305152E-005        4.903761054554543
       12.301699735164510  -3.346155236895694E-001   8.047119729375649E-001
  -7.139772580223275E-001
          61   1.218206531950946E-002   3.924928652266053E-001
   2.568190085504207E-001   1.327140634146129E-002   2.792618717476598E-001
   1.641315076339486E-002
          62   3.060295794587696E-004        6.619293499531938
   8.331206851114491E-001   9.397744844703092E-003  -7.005077024329224E-001
  -7.974288738498092E-001
          63   1.199132920256514E-003        2.748382364798639
   9.326142199540821E-001   1.583412805533746E-002  -7.758003429342655E-001
   1.097087947683910E-001
          64   1.024652553918119E-005       44.466668232473350
        1.018636676472183  -2.593882029452480E-002  -7.001892279785902E-001
       -1.310778657277018
          65   1.339031134205873E-003   8.037606612934026E-001
   5.553025130847692E-001   6.721824115937151E-002        1.573017243426524
   5.216515792051686E-001
          66   9.424727310627693E-004        2.708286801161673
   2.116733737591018E-001   1.554490902024189E-003  -7.140442477164095E-001
  -5.342756809943104E-001
          67  -6.591921852236929E-012   5.140963943980991E-001
      717.421809090198300  -1.036026774423561E-002        1.249441576804378
  -8.150331335484792E-001
          68  -7.987429231885474E-005        1.045673988573977
        2.192103857476591   1.670321772893262E-002        1.699737867425212
       -1.052303483812633
          69  -3.437535177876993E-004        2.757957538437159
   6.858862281542185E-001       -2.734697244173333        1.476152134669410
   1.701312537765121E-001
          70  -4.422536960820143E-005        4.592566812966227
        2.483662083979727       -4.524858620559177       -1.087937163632878
   9.717143572117931E-001
          71  -2.463155210705802E-005        3.906239690641394
        4.839287289284227       -3.557525177226819   4.406653023525866E-001
  -7.053976538071342E-001
          72  -1.481622173249999E-003        1.092899378368071
        1.925585364616396  -8.484194301559599E-001   2.644423511179238E-001
   6.995257470422014E-001
          73   1.091208073492717E-002        1.168750781899013
   2.452758920173155E-001   1.043441517668977E-003   5.761641293599847E-001
  -4.848967678684642E-001
          74  -5.000406882090783E-012   5.569509107936850E-001
      506.674801884586200  -8.465639633989540E-002  -3.769052859740423E-001
   8.108992968159309E-001
          75   1.729068662730534E-005       54.305448637997010
   3.453846435761342E-001  -1.149485918560726E-003   7.006088341034572E-001
       -1.269449384292407
          76  -9.156243032341764E-006        9.307457780825830
        4.635672059164139       -8.586503674631782   7.002760340684823E-001
   6.909427765400462E-001
          77   4.703131086965072E-005       15.701391426984290
        1.865338529001496  -3.059759498683482E-002  -7.046207117410959E-001
   9.317469798814786E-001
          78   1.239861857018447E-003   2.152083269757355E-001
   6.868323725956991E-001   1.491727611357505E-003   7.532685455002010E-001
       -1.729601438850789
          79   2.216890035331700E-004   3.858592817640482E-001
        5.563768877079138  -2.720265359316501E-002       -1.278064204532567
  -7.331740206474006E-001
          80  -3.937847114567336E-007       94.077556025837280
        1.247862845832139      -94.067124277055340        1.189493863685092
  -3.671037718584764E-001
          81   1.988066259777949E-005   4.408297408906749E-001
       27.929565338122810  -1.021992228455217E-001        1.928882933074307
   6.963217914359795E-001
          82   2.776356490987751E-007      408.580427134451300
   5.349829911573768E-001   4.116686436510964E-004  -7.019418195613587E-001
   1.774164200876955E-001
          83   2.137388263416100E-004   4.049930636557554E-001
        3.266971601353180   9.621457778475881E-002   4.786205117148858E-001
  -4.056836597960683E-001
          84   5.277356639694836E-007   5.043514399590946E-001
      345.011941446259000  -5.019730518327245E-001  -8.580592409369339E-002
   6.995915733757188E-001
 :END:
 
