      LinCoeff:.   AA1:        AA2:        B12:        RZ1:       RZ2:
 FNC: ======================================================================
  1   .1185D+00   .4761D+00   .2786D+00  -.7528D-02   .5081D+00  -.6470D+00
  2   .1065D+00   .6738D+00   .3353D+00  -.1192D-01   .5397D+00   .4414D+00
  3   .3927D-01   .5770D+00   .1011D+01  -.3422D-01   .6333D+00  -.3310D+00
  4  -.6309D-01   .2358D+00   .4687D+00   .1279D+00  -.1144D+00  -.5308D+00
  5   .6914D-01   .8134D+00   .1352D+00  -.1316D-02   .6185D+00  -.5523D+00
  6   .3381D-01   .1695D+00   .1160D+01  -.1184D-01  -.7149D+00  -.3607D+00
  7   .4789D-02   .2464D+01   .3331D+00  -.3349D-01  -.1017D+00  -.6070D+00
  8  -.3626D-01   .1233D+01   .4562D+00   .1922D+00  -.6220D+00  -.2576D+00
  9   .5174D-01   .6328D+00   .1501D+01   .1136D-01   .4585D+00   .6285D+00
 10   .2566D-01   .9872D+00   .2303D+01  -.1350D-01  -.6474D+00   .6803D+00
 11  -.5065D-02   .1671D+01   .7844D+00   .1048D+01   .5757D+00   .1362D+00
 12   .1244D-03   .6912D+00   .3057D+03  -.1069D+00   .2185D+00  -.7008D+00
 13   .7969D-02   .1658D+00   .1005D+02   .1270D-02  -.1535D+00  -.6906D+00
 14   .5396D-02   .1690D+01   .4303D+01  -.1851D+00  -.6416D+00  -.6682D+00
 15  -.1286D-02   .1121D+01   .7589D+00   .4935D+01   .3168D+00   .6477D+00
 16   .1022D-02   .2987D+00   .7698D+02  -.6055D-01   .2146D+00  -.6977D+00
 17   .4272D-02   .5614D+01   .2468D+01  -.2395D-01   .6873D+00  -.6705D+00
 18   .5229D-01   .1906D+01   .2404D+00  -.9501D-02   .6480D+00  -.5091D+00
 19  -.4093D-04  -.8621D+00   .2351D+01   .1426D+03   .1069D+01   .6985D+00
 20   .3255D-02   .1076D+01   .1284D+02  -.1523D-01   .6821D+00  -.6919D+00
 21   .1647D-01   .3258D+00   .3787D+01  -.3848D-01  -.6177D+00  -.6758D+00
 22   .3051D-02   .6919D+00   .1135D+02  -.1131D+00  -.6876D+00  -.6850D+00
 23  -.3761D-02   .5387D+00   .2799D+00   .2031D+01   .1931D+00   .8248D+00
 24   .7975D-03   .1221D+01   .5455D+02  -.1359D-01  -.6497D+00   .6985D+00
 25   .5952D-03   .5707D+01   .2205D+02  -.2224D-01   .6821D+00  -.6997D+00
 26   .9211D-01   .1766D+00   .3376D+00  -.1052D-01   .3800D+00   .4937D+00
 27  -.8626D-04   .1044D+00   .3722D+01   .3796D+02   .1089D+01  -.5140D+00
 28   .3182D-05   .4027D+04  -.1256D-01   .6100D+00  -.6993D+00   .7202D+00
 29   .1781D-01   .5042D+01   .4423D+00  -.1087D-01   .6795D+00  -.6170D+00
 30   .4798D-01   .1017D+01   .4640D+00   .2491D-02  -.7709D+00   .6220D+00
 31   .6360D-02   .1234D+00   .4369D+01   .2138D-01  -.1175D+01   .7218D+00
 32   .4535D-04   .1445D+03   .5773D+01  -.2952D+01  -.7013D+00  -.6851D+00
 33   .8271D-04   .6185D+03  -.2250D+00   .4635D+00   .7016D+00   .1846D+01
 34  -.1543D-05   .1523D+01   .2932D+00   .1756D+04  -.6220D+00   .5396D-01
 35  -.5026D-03   .1321D+01   .5916D+01   .4209D+01  -.4235D+00  -.6516D+00
 36  -.9921D-04   .6869D+00  -.1151D-01   .3804D+02   .3616D+00  -.1704D+00
 37   .1434D-03   .1764D+03   .7807D-01   .3791D+00  -.6971D+00  -.1613D+01
 38   .3456D-03   .2546D+02   .3180D+01  -.8352D+00   .6918D+00   .6879D+00
 39   .1958D-03   .1899D+00   .5365D+02   .1444D-01  -.8386D+00  -.7114D+00
 40   .1394D-04   .2754D+01   .9005D+03  -.9846D-01  -.6953D+00   .7004D+00
 41   .2638D-02   .1519D+01   .2121D+01  -.1333D+00  -.6686D+00  -.5890D-02
 42   .4379D-01   .5267D+00   .8145D-01  -.3837D-02  -.4720D+00  -.3948D+00
 43   .1313D-01   .3273D+01   .1015D+00  -.2601D-03   .5940D+00   .1353D+00
 44  -.1223D-01   .6583D+00   .4339D+00   .4809D+00  -.6765D-02   .7001D+00
 45  -.6892D-04   .1974D+00   .1777D+01   .1951D+01  -.4762D+00   .1250D+01
 46   .1184D-05   .7590D+02   .5473D+00   .2576D+02   .7193D+00   .1178D+01
 47   .6612D-01   .2485D+00   .1417D+00  -.9203D-03   .4471D+00  -.7714D+00
 48   .9070D-06  -.4850D-01   .1787D+02   .3340D+00  -.1589D+01   .3078D+00
 49   .2004D-03   .8941D-01   .2028D+03   .3116D-01   .5113D+00  -.7015D+00
 50   .1362D-01   .1590D+01   .1439D+00   .4986D-02   .8288D+00   .7923D+00
 51   .4121D-02   .3360D+00   .2092D+02   .7399D-02  -.6368D+00   .6985D+00
 52  -.2704D-01   .2096D+00   .1313D+00   .6726D-01   .1714D+00  -.6332D+00
 53  -.3706D-03   .7463D+00   .6254D+00   .1498D+02   .2942D+00  -.1319D+01
 54  -.4866D-05  -.8669D-01   .8777D+00   .5914D+03  -.1615D+01   .1330D+00
 55  -.4274D-02   .1663D+00   .2520D+00   .6895D+00  -.8287D+00   .5552D-01
 56  -.2538D-05   .1535D+00   .1058D+02   .5957D+03   .2103D+01  -.6859D+00
 57   .1548D-02   .1020D+00   .3100D+02  -.6650D-02   .2443D+00  -.6977D+00
 58  -.6241D-05   .3645D+02   .2502D+03   .3021D-01  -.7004D+00   .7132D+00
 59   .2544D-03   .8588D+01   .9507D+01  -.4239D+00  -.6382D+00  -.7098D+00
 60   .2296D-04   .2246D+02   .1493D+03   .1586D+01   .8014D+00  -.7261D+00
 61   .2235D-01   .1768D+00   .8219D-01  -.5717D-02   .4794D+00   .1227D+00
 62   .6356D-03   .4379D+02   .8561D+00  -.2699D+00  -.6987D+00  -.5138D+00
 63   .1341D-02   .7930D+01   .1072D+01  -.1859D+00  -.6948D+00   .6161D-01
 64   .6023D-05   .1976D+04  -.1337D+00   .9846D+00  -.6993D+00  -.1310D+01
 65   .2637D-02   .5500D+00   .2732D+00  -.1620D-01   .1535D+01   .4348D+00
 66   .2190D-02   .7591D+01   .7392D-01  -.2381D-02  -.7118D+00  -.5764D+00
 67   .3416D-11   .2590D+00   .5147D+06   .5326D-02   .1249D+01  -.8150D+00
 68  -.3614D-04   .1140D+01   .4830D+01  -.5921D-01   .1706D+01  -.9888D+00
 69  -.4110D-03   .8828D-01   .4080D+00   .7237D+01   .1474D+01   .1652D+00
 70  -.5508D-04   .4510D+00   .5619D+01   .2081D+02  -.1084D+01   .9017D+00
 71  -.2900D-04   .1094D+01   .2235D+02   .1395D+02   .4254D+00  -.7047D+00
 72  -.1489D-02   .3097D+00   .3787D+01   .8777D+00   .2222D+00   .6968D+00
 73   .1361D-01   .1580D+01   .6571D-01  -.6391D-03   .6005D+00  -.2785D+00
 74   .1409D-10   .2630D+00   .2567D+06   .4715D-01  -.3769D+00   .8109D+00
 75   .1455D-04   .2949D+04   .7468D-01   .6729D-01   .7004D+00  -.1269D+01
 76  -.8633D-05   .6720D+01   .1527D+02   .7991D+02   .7020D+00   .6904D+00
 77   .4819D-04   .2447D+03   .2798D+01   .5658D+00  -.7040D+00   .9119D+00
 78   .1590D-02   .6264D-01   .4866D+00   .2590D-02   .8037D+00  -.1503D+01
 79   .7925D-03   .1637D+00   .2930D+02   .5204D-01  -.1196D+01  -.6877D+00
 80  -.3112D-06   .8549D+00   .6945D+00   .8850D+04   .1189D+01  -.3671D+00
 81   .2624D-04   .7507D-01   .7801D+03   .1015D+00   .1891D+01   .6976D+00
 82  -.6762D-11   .1669D+06  -.5535D+01   .5824D+01  -.7024D+00   .1773D+00
 83   .1962D-02   .2303D+00   .9487D+01  -.7306D-01   .5316D+00  -.6583D+00
 84  -.1415D-06  -.3714D-01   .1190D+06   .2235D+00  -.8237D-01   .7009D+00
 85   .3964D-02   .3553D+00   .3762D-01   .8580D-02   .4139D+00  -.2294D+01
 86   .8031D-05   .5857D-01   .7279D+03   .1957D+01   .1486D+01  -.7000D+00
 87   .5496D-06  -.7770D-01   .8464D+05   .2848D+00  -.1954D+01  -.7006D+00
 88   .1082D-06   .2254D+05  -.3625D+00   .5541D+00   .7038D+00  -.1889D+00
 89  -.2245D-06   .6266D+01   .1095D+02   .8636D+01   .1021D+01  -.8175D+00
 90  -.2601D-05   .3575D+00  -.1973D+00   .1448D+03  -.6421D+00  -.1144D+01
 91   .6019D-05   .4922D+02   .7913D+02   .2907D-01   .7422D+00   .6697D+00
 92   .4777D-04   .9709D+01   .1361D+01  -.1699D-01   .1334D+00  -.7722D+00
 93   .1048D-04   .4672D+01   .1702D+02   .1475D+02   .5968D+00  -.7858D+00
 94   .1481D-03   .1650D+03   .4617D+00   .1371D+00  -.7024D+00   .1328D+01
 95  -.7173D-04   .4102D+01   .2930D+00   .8492D-01  -.1243D+01  -.2020D+01
 96   .7552D-04   .1739D+02   .2946D+00   .2226D+00   .9017D+00  -.1809D+01
 97   .7571D-04   .1429D+01   .5353D+01   .8833D-01  -.4874D-01  -.1241D+01
 98  -.3410D-04   .6344D+00   .2581D+02   .9742D+00  -.1216D+01   .5304D+00
 99  -.6093D-13   .4379D+06   .1189D+02  -.1148D+02  -.7162D+00  -.1458D+01
100  -.1837D-04   .1551D+02   .3225D+01  -.1147D+00   .8454D+00  -.1060D+01
101  -.5827D-09   .1002D+00   .1907D+06   .1228D+00   .5396D+00  -.7169D+00
102  -.2099D-05   .8254D-01   .3083D+04   .9060D-02  -.1598D+01   .6977D+00
103   .1103D-03  -.4436D-02   .1148D+03   .7735D-01   .1465D+01  -.6949D+00
104  -.1479D-03   .1934D+01   .3595D+01   .3332D+01   .7694D+00   .1023D+01
105  -.4686D-06   .1342D+01   .1317D+04   .4295D-01  -.7460D+00   .7538D+00
106   .8415D-05   .2879D+01   .1062D+02   .3890D-01   .1565D+01   .8814D+00
107  -.9565D-03   .8210D+00   .9723D+00   .7257D+00   .1139D+01   .9091D+00
108  -.2151D-08   .2221D+05  -.3099D+00   .4165D+00  -.7295D+00  -.9817D+00
109   .7038D-07   .2486D+00   .4838D+06   .1652D-02  -.1284D+00  -.7006D+00
110  -.1830D-07   .1216D+04   .5039D+00   .3580D+01   .6904D+00   .1808D+01
111  -.5219D-04   .2050D+01   .2556D+01   .3060D+01   .1180D+01  -.9667D+00
112  -.1976D-03   .1087D+00   .2625D+01   .1738D-01   .3167D-01  -.1531D+01
113   .2504D-04   .6921D+02   .4525D+00   .7336D+00   .7177D+00   .1732D+01
114   .1702D-02   .9102D+00   .1466D+01  -.6257D-01  -.1322D+01  -.6142D+00
115   .5153D-04   .6183D+01   .1482D+00   .1340D+01   .1169D+01   .6685D+00
116   .2834D-05   .1519D+05   .1181D+00   .1271D+00   .7005D+00  -.1442D+01
117   .1545D-06   .1220D+02   .1428D+05   .3423D-02   .5923D+00  -.6978D+00
118  -.8312D-06   .3780D+02  -.3038D-02   .1090D+02   .6880D-01  -.4334D+00
119  -.1815D-05   .1913D-03   .7239D+01   .7786D-02   .1552D+01  -.1525D+00
120   .7495D-03   .3967D+01   .8781D-01  -.2365D-01   .1023D+01   .4952D-01
121   .4696D-06   .1706D+04  -.7129D-02   .2001D-01   .6999D+00  -.3150D+00
122  -.2347D-04  -.1494D-03   .2210D+02   .4331D-01  -.3529D-01  -.1041D+01
123   .7254D-05   .4985D+01   .1512D+02   .2560D+01  -.3653D+00   .9175D+00
124   .1643D-04   .2244D+04   .5020D+00   .1577D+00  -.7006D+00   .1142D+01
125   .1108D-05   .1403D+01   .1437D+05  -.2772D-02   .4991D+00  -.7010D+00
126  -.4867D-03   .3326D+00   .1419D+00   .3148D+00   .1887D+01   .1256D+01
127   .3133D-04   .7212D-01   .8950D+01  -.5575D-03  -.2130D+00   .1167D+00
128   .2242D-04   .3788D+01   .9773D-01   .2419D+01  -.1811D+01   .3565D+00
129  -.6330D-07   .1409D+04   .1005D+01   .6042D+00  -.7282D+00  -.1189D+01
130   .2224D-06   .1804D+00   .6396D+02   .9388D-03   .1291D+01   .2581D+00
131  -.1023D-05   .6653D+02   .1696D+02   .1270D-01   .9181D+00   .3631D+00
132  -.9706D-06   .3445D-03   .4690D+04   .1401D+01  -.7667D+00   .6942D+00
133   .3436D-03   .1276D+01   .2181D-01   .1121D-01  -.1206D+00  -.1872D+01
134   .4637D-06   .2397D+04  -.5966D+00   .1004D+01   .7245D+00   .1132D+01
135   .7848D-05   .3657D+02  -.7999D-01   .1058D+00  -.6233D+00   .1048D+01
136  -.1522D-04   .4310D+01   .1621D+02   .4280D-03   .1262D-01  -.1231D+01
137   .5164D-07   .4221D+05   .9746D+01  -.7674D+00  -.7008D+00   .1024D+01
138   .9453D-07   .1541D+01   .4428D+05   .5450D-01   .2948D+00  -.7006D+00
139   .9158D-05   .1432D+02   .8993D+01   .5378D-02   .4871D+00  -.9212D+00
140   .2602D-07   .1227D-02   .2720D+05   .3992D-01  -.1588D+00   .7018D+00
141   .1347D-04   .7250D-01   .7865D+03   .7640D-02   .1708D+01  -.7017D+00
142   .2090D-05   .2109D+02   .1073D+02   .5940D+00  -.1150D+01  -.9740D+00
143  -.3808D-04   .6538D+01   .6218D-02   .3463D+01  -.6477D-01   .1935D+01
144  -.2827D-07   .1043D+01  -.4374D-01   .6978D+05   .4085D+00   .8050D-01
145   .8377D-05   .1355D+01   .7024D-03   .6479D-02  -.9843D+00  -.8751D-01
146  -.4200D-04   .5166D-01   .9728D-03   .1766D+00   .1092D+00   .1073D+01
147  -.1156D-05   .4089D+02   .1159D+01   .4177D-01   .1475D+00  -.1197D+01
148  -.6256D-05   .5263D-03   .5402D+01   .1060D+02  -.2561D+01  -.1671D+01
149   .2930D-06   .1980D+02   .6551D+04   .6520D-02   .8561D+00  -.6982D+00
150  -.8576D-04   .3893D-01   .7064D+01   .3338D-03   .6050D+00  -.1282D+01
151  -.4963D-06   .3308D+02   .1803D-03   .5865D-01  -.1011D-01  -.6674D+00
152   .2731D-04   .2087D-01   .1557D-01   .5461D-03   .1582D+01  -.1669D+01
153   .3285D-06   .1164D+05   .6318D+00   .4215D+01  -.6996D+00  -.2222D+01
154  -.8409D-06   .2007D-02   .1318D+03   .9066D-02  -.1376D+00   .5476D+00
155   .5023D-05   .1158D+00   .9359D+02   .8351D+00   .1043D+01  -.5298D+00
156  -.6048D-06   .7012D+01   .2583D-01   .4211D+03  -.7608D-01  -.9782D+00
157  -.1236D-05   .3679D+00   .8947D+02   .3744D+00   .1664D+01  -.1014D+01
158   .2275D-04   .6003D-01   .6353D+01   .3380D-03  -.3625D+00  -.1904D+01
159  -.3891D-05   .1012D+02   .3584D+01   .1680D-02   .1606D+01   .4950D+00
160  -.8494D-06   .6632D+02   .7628D+03   .1353D-01  -.5785D+00   .6929D+00
161   .5861D-04   .1139D+02   .2401D+00   .5102D-02  -.3072D+00   .1544D+01
162   .8555D-05   .1698D+01   .2350D+01  -.4751D-04  -.1780D+01   .8557D-01
163   .6762D-05   .4121D+00   .1301D+02   .1041D+01  -.1548D+01  -.3019D+00
164  -.9296D-06   .2773D+02  -.4945D-02   .5191D-01   .2495D+00   .2372D+01
165   .1820D-04   .1004D+02   .9908D+02  -.1384D-02  -.7112D+00   .6759D+00
166  -.2232D-05   .1123D+03   .9512D+01   .1999D+00   .7536D+00   .2550D+00
167  -.2714D-04   .1983D+01   .8539D-02   .3448D-01  -.2087D+01   .1521D+01
168  -.4738D-05   .3024D+02  -.4151D-02   .1548D+01   .1226D+01   .1812D+01
169   .1611D-05   .8950D+03   .7970D+02  -.5294D-01  -.6914D+00   .6290D+00
170   .5090D-04   .1583D+02   .7367D-01   .9871D-01  -.8949D+00   .2112D+01
171   .3313D-05   .2697D+02   .3991D-01   .1048D+00  -.1344D+01   .6876D+00
172  -.2186D-04   .1904D-02   .1410D+02   .2076D-01   .2514D+01  -.4571D+00
173   .5522D-06   .4235D+02  -.1825D-02   .6846D+00  -.3326D+00   .2955D+00
174  -.1860D-05   .4309D+01  -.8642D-02   .8773D+02   .1193D+01   .1565D+01
175   .1061D-05   .7979D-03   .7441D+04   .5472D-01   .1668D+01  -.6993D+00
176  -.7393D-05   .5866D+02   .4004D+00   .3681D-02  -.9231D+00   .1142D+01
177  -.1399D-05   .1014D+01   .2792D+03   .4938D+00   .6463D+00  -.5761D+00
178  -.3670D-05   .1142D+01   .6626D+02   .5586D-03   .1559D+01   .5428D+00
179   .2205D-05   .1015D+03   .4144D+01  -.2516D-02  -.4564D+00   .3749D+00
180   .2390D-05   .4663D+01   .1954D+03   .1960D+01   .1638D+01  -.7633D+00
181  -.9529D-04   .6638D+00   .1506D+01   .1457D+00   .2959D+00  -.2212D+01
182  -.3458D-03   .2437D+00   .3633D+01   .6766D+00  -.2309D+01   .5512D+00
183   .3812D-04   .4576D+01   .1008D+02   .3549D-01   .6423D+00   .1001D+01
184   .3604D-05   .9284D+02  -.1800D-01   .4107D-01   .1007D+01   .1231D+01
185   .8843D-05   .7785D-01   .8922D+01   .8341D+01  -.1460D+01   .1265D+01
186   .1625D-03   .3767D+00   .9422D+01   .4795D-01  -.3622D+00  -.2634D+00
187  -.1447D-04   .1124D-02   .6231D-01   .3499D+01   .8004D+00  -.2224D+00
188   .7629D-05   .2599D-03   .4135D+02   .3369D-01   .1042D+01   .1219D+01
189   .6888D-04   .1538D+00   .9378D+01   .9480D-03   .1816D+01   .4121D+00
190  -.8872D-07   .2853D-01   .1273D+00   .4569D+04   .1922D+01  -.4311D+00
191  -.3256D-05   .8435D-01   .4984D+02  -.8738D-05   .1545D+01  -.1208D+01
192  -.1875D-02   .1735D-01   .1344D+01   .1823D+00   .1133D+01  -.8226D+00
193   .4283D-04   .2352D+01   .6916D-01   .3098D+00   .1849D+01   .1775D+01
194   .2284D-05   .5203D+01   .9232D+01   .7594D+02  -.1155D+01   .1288D+01
195  -.3091D-04   .2237D+02  -.5250D-01   .3541D+00   .1736D+00   .1803D+01
196   .2485D-05   .1619D+02   .1016D+03   .6214D+01   .4706D+00   .7047D+00
197   .2603D-03   .7926D+00   .2053D-01   .4113D-02   .1034D+01   .1802D+01
198   .2024D-04   .3493D+01   .4056D+01   .1198D+01  -.1251D+01   .1829D+01
199   .3866D-04   .5944D-03   .2665D+00   .1018D+01  -.7297D+00   .2118D+01
200   .3082D-04   .8291D+01   .5222D+01   .1215D-01   .8691D+00  -.4530D-01
201   .2677D-05   .1067D-01   .1077D+03   .2495D-02   .1103D+01  -.7570D+00
202   .1024D-05   .9017D-03   .6464D-01   .1733D+02  -.1300D+01   .1231D+00
203  -.6655D-05   .2090D+01   .4932D+01   .5327D+00  -.7357D-01  -.2479D+01
204   .2992D-03   .3210D-01   .1076D+02   .5617D-02   .1297D+01  -.6260D+00
205  -.1076D-04   .2265D+01   .7579D+01   .3984D+01   .1942D+00  -.1265D+01
206   .6336D-05   .1479D+02   .1615D+00  -.9729D-02  -.1504D+01   .1588D+01
207  -.5452D-04   .5697D+00   .1608D+00   .1681D-02  -.4649D+00   .1065D+01
 ---------------------------------------------------------------------------
 ENERGY=      -1.174475157745859   --->   ||g||^2 =   4.218629933379558E-008
 
 :BEGIN:
         207
           1   1.184917608841716E-001   6.845427838915767E-001
   5.205392441275080E-001   1.099750510051881E-002   5.080961981204865E-001
  -6.470167873949860E-001
           2   1.065184116336218E-001   8.135514440222298E-001
   5.684512597913394E-001   1.464872553675199E-002   5.396801530124359E-001
   4.414186817027657E-001
           3   3.926520110395267E-002   7.367565394983006E-001
   9.871311242759759E-001   4.644974289863284E-002   6.332656574157048E-001
  -3.309570097038332E-001
           4  -6.308602429490333E-002   6.031332435649716E-001
   7.427393792516865E-001  -2.121149397447518E-001  -1.144456516241110E-001
  -5.307991091926302E-001
           5   6.913697831102909E-002   9.011578010092336E-001
   3.658377854885784E-001   1.460054856580639E-003   6.185307748244752E-001
  -5.523212302834236E-001
           6   3.381132065414773E-002   3.970955293459353E-001
        1.071035478159981   2.980624436148713E-002  -7.149329341310264E-001
  -3.607111434991855E-001
           7   4.788598052089122E-003        1.559153067486444
   5.469621972272637E-001   2.148280686899532E-002  -1.016712050855266E-001
  -6.070126908053941E-001
           8  -3.626490733025225E-002        1.193628868786003
   7.889415426527511E-001  -1.609901081217008E-001  -6.220055187823507E-001
  -2.575783453378754E-001
           9   5.174147894240491E-002   8.026214056984131E-001
        1.229794841639854  -1.415178644951501E-002   4.585471499685661E-001
   6.284856682619447E-001
          10   2.565573247412286E-002   9.867776238609312E-001
        1.513120070476499   1.368377352230167E-002  -6.474496311308167E-001
   6.802790609156669E-001
          11  -5.065054169929124E-003        1.648842515280691
        1.195132814034623  -6.355187448415035E-001   5.756941489055060E-001
   1.361715070196187E-001
          12   1.244069523661416E-004   7.643915560960419E-001
       17.479565312068480   1.398100650816692E-001   2.184716429440797E-001
  -7.007814378066403E-001
          13   7.968864792084210E-003   4.087425055621832E-001
        3.170990266650774  -3.108278537460294E-003  -1.535413642471947E-001
  -6.906134138692466E-001
          14   5.396290975148954E-003        1.226818241302454
        2.023689974209046   1.509133027575678E-001  -6.415850727669659E-001
  -6.681948679611267E-001
          15  -1.285997003410074E-003        2.461068312004378
        1.293341616134264       -2.005400704821739   3.167834750751185E-001
   6.477026933419077E-001
          16   1.022396300141937E-003   4.879653662090935E-001
        8.769532016785114   1.240834842461387E-001   2.146305056092445E-001
  -6.977406576580846E-001
          17   4.271675050552088E-003        2.364231658102178
        1.563314535677759   1.013162862492797E-002   6.873412979056732E-001
  -6.705108373218689E-001
          18   5.228854947883806E-002        1.377244391303876
   4.805122343924821E-001   6.898383123753096E-003   6.479582691402094E-001
  -5.090702495383060E-001
          19  -4.092675332683422E-005       11.905512874658980
        1.217864742551570      -11.977927838833210        1.068528336171205
   6.985169022607791E-001
          20   3.255409238270092E-003        1.030006689386321
        3.581555073019284   1.478568680563821E-002   6.821164363158696E-001
  -6.918654936810362E-001
          21   1.646772865138150E-002   5.360317014895445E-001
        1.934873815482943   7.178314015773643E-002  -6.176550535072828E-001
  -6.757977825430870E-001
          22   3.051051741118785E-003   7.607777500008062E-001
        3.348282824898384   1.487029311987432E-001  -6.875660851210442E-001
  -6.849615498707705E-001
          23  -3.760960975570084E-003        1.603128555082542
   8.400354695451981E-001       -1.267092890622646   1.931089537382360E-001
   8.247942226646312E-001
          24   7.974509481940015E-004        1.098875314401058
        7.384667174172114   1.236599262845106E-002  -6.497189778500503E-001
   6.985394103124722E-001
          25   5.951951537908603E-004        2.384272348859078
        4.693047866948369   9.326654089533881E-003   6.820954733611619E-001
  -6.996813116616417E-001
          26   9.211168248389488E-002   4.075640185950851E-001
   5.713374747756942E-001   2.580950022972181E-002   3.799953695284668E-001
   4.937074320290164E-001
          27  -8.626082275684913E-005        6.169548787066352
        1.956093526869474       -6.152627233559904        1.088873042899839
  -5.140256144168817E-001
          28   3.182222856536759E-006       63.461623879267930
   7.728677656477768E-001  -9.611778315011798E-003  -6.993160576438684E-001
   7.202034261910170E-001
          29   1.780999167607684E-002        2.243074513311940
   6.567865590560056E-001   4.844242128653303E-003   6.794817931290880E-001
  -6.169511807734470E-001
          30   4.798111699843762E-002        1.009455680613702
   6.830049410921530E-001  -2.467447521128915E-003  -7.709439279009897E-001
   6.220235246948759E-001
          31   6.360428984785572E-003   3.805248195232066E-001
        2.094596073576115  -5.618881943415874E-002       -1.174753092873078
   7.218207104692656E-001
          32   4.534710175465198E-005       11.898846968527760
        1.660960556912314   2.481068118114355E-001  -7.013040953505795E-001
  -6.851224310247319E-001
          33   8.271372939659233E-005       24.879772575675780
   4.879532809394578E-001  -1.862892554632412E-002   7.015505415270029E-001
        1.846316969058931
          34  -1.542736148708994E-006       41.921980102197180
        1.347135441427936      -41.885653963831460  -6.219978954170387E-001
   5.395834564529526E-002
          35  -5.025554178326831E-004        2.351526858621139
        2.630966736659011       -1.789702331102372  -4.234912434932565E-001
  -6.515807356422262E-001
          36  -9.921273476257949E-005        6.223411809155295
   8.143953161011057E-001       -6.113032959751067   3.615655692773105E-001
  -1.704123717485310E-001
          37   1.433506534697423E-004       13.297442246427460
   6.755539530259478E-001  -2.851074872113335E-002  -6.971204251203962E-001
       -1.613019051205731
          38   3.455593695974686E-004        4.962450186572713
        1.522095025979424   1.683002158495862E-001   6.918204446526223E-001
   6.878787556353262E-001
          39   1.958415767554718E-004   4.520532003459780E-001
        7.325707128796617  -3.193733973466117E-002  -8.386063355788151E-001
  -7.114145791142110E-001
          40   1.393502271461661E-005        1.629721071271689
       30.006106238420770   6.041777638438945E-002  -6.952537496013492E-001
   7.004425308908070E-001
          41   2.637598125782479E-003        1.177335630104692
        1.405225125337329   1.132545476871928E-001  -6.686447783009923E-001
  -5.889531235531488E-003
          42   4.378562366628448E-002   7.231107269827818E-001
   2.785489795346577E-001   5.306230374847488E-003  -4.720198383514165E-001
  -3.948183884476708E-001
          43   1.313350997785104E-002        1.808948322873138
   3.182425320124880E-001   1.437979495386332E-004   5.940433628634811E-001
   1.353397696839304E-001
          44  -1.223077251818837E-002        1.067371125778575
   8.436867131303595E-001  -4.505916315865393E-001  -6.764696187760130E-003
   7.000769739671783E-001
          45  -6.892047941897912E-005        1.465698934600201
        1.398533557059216       -1.331039897205399  -4.761901343286210E-001
        1.249519935576917
          46   1.183870613447105E-006       10.082648141989960
        4.447262357688580       -2.554539880359150   7.192889901108207E-001
        1.178072069111568
          47   6.611629444211122E-002   4.975639148183962E-001
   3.752633684365787E-001   1.849697844035951E-003   4.471349703163164E-001
  -7.713969576430042E-001
          48   9.069658440688968E-007   5.343095352975097E-001
        4.220121203575502  -6.250841773760901E-001       -1.589253831525245
   3.077671456495459E-001
          49   2.003744736338380E-004   3.472283300819062E-001
       14.242486836755960  -8.972861446903817E-002   5.113239518321382E-001
  -7.015449274379103E-001
          50   1.361512177825757E-002        1.263098159646054
   3.858824456231357E-001  -3.947170862083271E-003   8.287950861297663E-001
   7.922623257796034E-001
          51   4.120752359170870E-003   5.859838923069282E-001
        4.574946182590447  -1.262609057568901E-002  -6.367618629609549E-001
   6.984951371617474E-001
          52  -2.704466233490216E-002   5.262136970258670E-001
   4.269168897778800E-001  -1.278204379664720E-001   1.714465646051862E-001
  -6.332214297691212E-001
          53  -3.705743604806033E-004        3.965522147813255
        1.155955615690064       -3.777325049761210   2.942001181081537E-001
       -1.318849245104343
          54  -4.865533062480519E-006       24.317008453518010
   8.893927820947500E-001      -24.320573491140250       -1.615361558640968
   1.330454383017287E-001
          55  -4.273798749706787E-003   9.251291278017794E-001
   6.213244034880799E-001  -7.453546562284770E-001  -8.286552595678488E-001
   5.551660312156428E-002
          56  -2.537625985329167E-006       24.410147815242210
        3.276592350254450      -24.403858686033290        2.103272966723559
  -6.859416468663340E-001
          57   1.548179262989091E-003   3.087696115025254E-001
        5.567534214950826   2.153853646534435E-002   2.443361904770283E-001
  -6.976796890605231E-001
          58  -6.241367156521026E-006        6.039590968558241
       15.818493940609540  -5.001615019448098E-003  -7.003674772784706E-001
   7.132428514577343E-001
          59   2.544216926567574E-004        2.857278279064645
        3.010179147604652   1.483703563119203E-001  -6.381502109788219E-001
  -7.097662080506610E-001
          60   2.295535171920153E-005        4.903218297373801
       12.281031207443960  -3.233835370917151E-001   8.013554114442594E-001
  -7.260849674201237E-001
          61   2.235337804900038E-002   4.135640869913615E-001
   2.761998492039271E-001   1.382422625697494E-002   4.793640037629999E-001
   1.226629460122408E-001
          62   6.355849178288495E-004        6.596808449680064
   7.645583560840897E-001   4.090934427551560E-002  -6.986861515494545E-001
  -5.138460239110178E-001
          63   1.340877334557541E-003        2.782813847388418
   9.387239898061067E-001   6.678936221096141E-002  -6.947856211043663E-001
   6.160736720805306E-002
          64   6.023451841369512E-006       44.464040873790270
   9.221651933898191E-001  -2.214344493000693E-002  -6.993257726409489E-001
       -1.309907421681043
          65   2.636640450811178E-003   7.306191803884485E-001
   5.064626527864483E-001   2.217010193029578E-002        1.534855931938912
   4.348200324272455E-001
          66   2.190371591712026E-003        2.754820483257334
   2.674642215542615E-001   8.641299752228549E-004  -7.118174973938968E-001
  -5.763707973961779E-001
          67   3.415666443070745E-012   5.140963947792446E-001
      717.421809090198500  -1.036026773863686E-002        1.249441576800617
  -8.150331340154936E-001
          68  -3.614182736680378E-005        1.039480646399982
        2.183374500505681   5.696156268389103E-002        1.706003439840688
  -9.888210259225938E-001
          69  -4.110030907497312E-004        2.706613027584642
   7.036948465300132E-001       -2.673996564044920        1.473659186232980
   1.651903045970210E-001
          70  -5.508245317533078E-005        4.611301017170365
        2.461765522699876       -4.513488210621406       -1.084320483581815
   9.016650194836910E-001
          71  -2.900495977800337E-005        3.878199261618819
        4.834071879960072       -3.596129914116679   4.254214629162387E-001
  -7.047090833775925E-001
          72  -1.488635155705771E-003        1.089684079710414
        2.003867023247758  -8.054892721741643E-001   2.222051032760584E-001
   6.968319366565842E-001
          73   1.360870631245785E-002        1.256881168892875
   2.550946532141306E-001   5.084677729840510E-004   6.004503342092702E-001
  -2.785347527704485E-001
          74   1.409043486270594E-011   5.569509114073215E-001
      506.674801884586000  -8.465639615773277E-002  -3.769052860450953E-001
   8.108993064960413E-001
          75   1.455033453846779E-005       54.304585935690230
   3.767824003271935E-001  -1.239112120763377E-003   7.004165091406177E-001
       -1.268898979030412
          76  -8.632975485728091E-006        9.307441452332050
        4.633756788332595       -8.585469013687360   7.019664921698549E-001
   6.904254386430062E-001
          77   4.819252166307411E-005       15.660812028625090
        1.833804297648765  -3.612939403734759E-002  -7.039712646346267E-001
   9.118590140135230E-001
          78   1.589985423095562E-003   2.554087497511136E-001
   6.993740160214019E-001  -1.014126386207875E-002   8.037311999198465E-001
       -1.503209760181574
          79   7.924740513488897E-004   4.644505693430057E-001
        5.416246840038446  -1.120489896016582E-001       -1.195964473093786
  -6.876952657271689E-001
          80  -3.112169056697699E-007       94.076886918742830
        1.244710206988978      -94.067799313375530        1.189480180474572
  -3.670969118481789E-001
          81   2.624004883868323E-005   4.201697841527334E-001
       27.931411554653390  -2.415024887029654E-001        1.891103442126190
   6.975998385950373E-001
          82  -6.761561787326884E-012      408.580403878733100
   5.376550018943177E-001  -1.425495259117624E-002  -7.023519199593572E-001
   1.772973364836565E-001
          83   1.962020759101764E-003   3.965868828022173E-001
        3.062622446525789   1.842146720731751E-001   5.315685297280653E-001
  -6.582808338687751E-001
          84  -1.415087353932684E-007   4.316441182086667E-001
      345.011708537309400  -5.176886820378587E-001  -8.236758080517607E-002
   7.009492356534512E-001
          85   3.963591890764632E-003   6.032021493596576E-001
   2.144826655693666E-001  -1.422459341087964E-002   4.139197615189262E-001
       -2.294092450097542
          86   8.030795422016955E-006        1.419575987266346
       26.979885380222030       -1.378315456275742        1.486362631719573
  -6.999933024442415E-001
          87   5.495650124572458E-007   4.550623112820101E-001
      290.932740787398000  -6.258047011496929E-001       -1.954142526930608
  -7.006430970305320E-001
          88   1.082101795456571E-007      150.123350531761500
   4.377470973245402E-001  -3.691214670155016E-003   7.038005941401657E-001
  -1.889477487722721E-001
          89  -2.245225308553580E-007        3.860371721854706
        3.818042605804134       -2.237127770160545        1.021039794027286
  -8.175020859604955E-001
          90  -2.600837274495025E-006       12.049992367743680
   3.991790632547089E-001      -12.020321819344480  -6.421279975966278E-001
       -1.143796069814303
          91   6.019430203571569E-006        7.017635419697012
        8.897338765880335  -4.143001694271039E-003   7.421562071335209E-001
   6.697111656598355E-001
          92   4.777378558440901E-005        3.113255198273653
        1.159481366211813   5.457782575294911E-003   1.333570842910201E-001
  -7.721831111453312E-001
          93   1.048246994727682E-005        4.407464856261136
        4.534761187188757       -3.347378261345870   5.967546673306160E-001
  -7.857826077043290E-001
          94   1.481142068051386E-004       12.852337710800980
   7.737197875815873E-001  -1.066363798815533E-002  -7.023758894552141E-001
        1.328492684980680
          95  -7.172946349111161E-005        2.046079275572804
   6.133339063099417E-001  -4.150546651395150E-002       -1.242758978692150
       -2.019672149900897
          96   7.552267443849724E-005        4.196580752219175
   7.172598152079991E-001  -5.305364412701928E-002   9.017170334503551E-001
       -1.809007887422329
          97   7.570979130150776E-005        1.231614601899683
        2.331562047316270  -7.171897934275240E-002  -4.874073722009573E-002
       -1.241487747044684
          98  -3.410404997454281E-005        1.268288699039110
        5.118030817289665  -7.681049918291188E-001       -1.216209861497147
   5.304045338355948E-001
          99  -6.093143938055756E-014      661.756233365028500
   6.394571992653292E-001   1.734966380208934E-002  -7.162275341242376E-001
       -1.457564434481866
         100  -1.836998712736370E-005        3.923727745861118
        1.763467716608535   2.924475376835367E-002   8.454395401020045E-001
       -1.059960548169214
         101  -5.827264728815898E-010   4.721660785505730E-001
      436.643541329165200  -2.600472028015984E-001   5.395685237419948E-001
  -7.169274323111077E-001
         102  -2.098737803053506E-006   3.026560995389155E-001
       55.525728976477840  -2.993361583987300E-002       -1.597511118563747
   6.976863433495978E-001
         103   1.102521452840920E-004   2.700185953108016E-001
       10.715264498566620  -2.864468139624737E-001        1.465027242595942
  -6.948743152302630E-001
         104  -1.479101536974273E-004        2.294598826955239
        2.195102452899985       -1.451890878932797   7.694320663696188E-001
        1.022971028313436
         105  -4.685582314090496E-007        1.176641995845465
       36.295727970417010  -3.650535018833490E-002  -7.460016775341436E-001
   7.537538649080208E-001
         106   8.414763277776235E-006        1.708126595627231
        3.265454287239782  -2.277337878790919E-002        1.564665179967402
   8.813981186030175E-001
         107  -9.565277947384290E-004        1.243684962456381
        1.165107019567495  -5.835149330456875E-001        1.139337485864561
   9.090571086434566E-001
         108  -2.151241705424677E-009      149.037047947356200
   3.265366557354452E-001  -2.794865837699459E-003  -7.294544129589923E-001
  -9.817076600343936E-001
         109   7.037730771744293E-008   5.002238977104139E-001
      695.543517078419000  -3.301577157803972E-003  -1.284282253654790E-001
  -7.006179884337520E-001
         110  -1.830032463005213E-008       34.923975088982810
        2.018192953778883  -1.025007567717212E-001   6.904413856742455E-001
        1.807907498459937
         111  -5.219312100566249E-005        2.260459990574858
        1.945228058861069       -1.353596840025903        1.179973379785487
  -9.666571615124266E-001
         112  -1.975662625816763E-004   3.550356232863213E-001
        1.624670656171715  -4.895723410270580E-002   3.167197798459887E-002
       -1.531048826626935
         113   2.503836167387571E-005        8.363013189053412
        1.085548159000981  -8.772493130848051E-002   7.176848895006509E-001
        1.731603065622675
         114   1.701906875659543E-003   9.206648327677106E-001
        1.182913726295390   6.796550297499485E-002       -1.321847279734252
  -6.141610409483637E-001
         115   5.152740301552499E-005        2.742892173995879
        1.117832894676980  -4.885608711132784E-001        1.169027871478224
   6.685057164059687E-001
         116   2.833922948781260E-006      123.247476139701400
   4.951262937444377E-001  -1.031075429668449E-003   7.005097628454723E-001
       -1.441962514659201
         117   1.545494061246930E-007        3.493451731259991
      119.480658490885600  -9.799581050841941E-004   5.922685595149416E-001
  -6.977768320319515E-001
         118  -8.311548050845527E-007        6.978437565397553
        2.907775866894352       -1.561409398795922   6.879650914495084E-002
  -4.334365985799177E-001
         119  -1.814907604417809E-006   8.931752448390710E-002
        2.690650794174462  -8.717610668514797E-002        1.551845659054173
  -1.525392230970661E-001
         120   7.494852048233804E-004        1.985894226369106
   2.530080921748747E-001   1.190963096417880E-002        1.022584563244904
   4.951606953095407E-002
         121   4.696191398238304E-007       41.303197330222030
   1.134903598584031E-001  -4.844591408942091E-004   6.998530990126838E-001
  -3.149770483142328E-001
         122  -2.346797910171862E-005   2.077633320998027E-001
        4.701380152590245  -2.084822561765856E-001  -3.529462832276328E-002
       -1.040972388660267
         123   7.253727519057377E-006        2.746669680961151
        4.099611342134574  -9.318761958573550E-001  -3.653151516017703E-001
   9.175281236330126E-001
         124   1.642642176801532E-005       47.373653980430280
   8.122655830278922E-001  -3.329716524897617E-003  -7.006363307165896E-001
        1.142482569646985
         125   1.108231544057043E-006        1.183354371150593
      119.871557369078900   2.342523329415946E-003   4.991095193965958E-001
  -7.009914083874271E-001
         126  -4.866906749095589E-004   8.045775039325928E-001
   5.510118722311140E-001  -3.912524041245082E-001        1.886634357338493
        1.255846964700663
         127   3.132663164256436E-005   2.675117851429582E-001
        2.991640502128103   2.084103778033855E-003  -2.130091387615269E-001
   1.167121617772309E-001
         128   2.241941792947831E-005        2.491366137484645
        1.254578088455854  -9.709326155663686E-001       -1.811359404569807
   3.565154584322882E-001
         129  -6.330330032131779E-008       37.538457008044610
        1.268595431367494  -1.609558282911045E-002  -7.282199458564483E-001
       -1.189209870127853
         130   2.223679803261422E-007   4.258103142324349E-001
        7.997497040986933  -2.204666650936919E-003        1.290638172583674
   2.581476772130116E-001
         131  -1.022724455116427E-006        8.157222449653521
        4.119792186401781  -1.556755277660496E-003   9.180772250293819E-001
   3.630854789122565E-001
         132  -9.706117177778074E-007        1.183892816050577
       68.486439875546590       -1.183601858367490  -7.666986632720736E-001
   6.941878187822581E-001
         133   3.436095876780726E-004        1.134600492563091
   1.814402933918807E-001  -9.877317558592443E-003  -1.206360821927187E-001
       -1.871752693452450
         134   4.637107691838325E-007       48.966472511320330
   6.375951950516819E-001  -2.049513858048092E-002   7.244632676372150E-001
        1.131694633563445
         135   7.847738854882503E-006        6.056096654005612
   1.595855884971063E-001  -1.746330428547009E-002  -6.233441176404337E-001
        1.048057413865327
         136  -1.522319371012706E-005        2.076065710225689
        4.025637783441325  -2.061507469986676E-004   1.261877206213597E-002
       -1.230646575826774
         137   5.164431720708487E-008      205.459751584078500
        2.996492105254732   3.735082486430314E-003  -7.007703731243896E-001
        1.023874384878405
         138   9.453196596639983E-008        1.263058805921332
      210.428688962085400  -4.315273598212342E-002   2.947865057705235E-001
  -7.006108610369576E-001
         139   9.157867051846298E-006        3.785472844447829
        2.999662348338561  -1.420749445296870E-003   4.871108643432435E-001
  -9.211629773238745E-001
         140   2.601911291962761E-008   2.028587008835537E-001
      164.937505318434600  -1.968108963435176E-001  -1.588243392604057E-001
   7.017602191939860E-001
         141   1.347015022957302E-005   2.830964317276306E-001
       28.044932886399900  -2.698843496651510E-002        1.707506306452433
  -7.017298567999746E-001
         142   2.089769992686564E-006        4.656497000920612
        3.362463054605630  -1.275549029763505E-001       -1.150030521816408
  -9.740106138917293E-001
         143  -3.808259124337559E-005        3.162408281156277
        1.506655831371374       -1.094980915332978  -6.476583551071842E-002
        1.935475543149851
         144  -2.826978525661003E-008      264.169767647893800
   9.995555734487939E-001     -264.165819927330600   4.085350770368170E-001
   8.050304536780918E-002
         145   8.377472393013873E-006        1.166889855235301
   8.456230055846335E-002  -5.552562732067092E-003  -9.843332211888495E-001
  -8.750635415296325E-002
         146  -4.200342251689547E-005   4.777701918600278E-001
   2.023339891323666E-001  -3.696515911701919E-001   1.091646087308325E-001
        1.072863404393467
         147  -1.155949058724803E-006        6.397624099625918
        1.095903255868362  -6.528953609557063E-003   1.474519956391984E-001
       -1.197174576315210
         148  -6.255899231254307E-006        3.255293274644738
        2.324290009211980       -3.255131603089155       -2.561276922461941
       -1.670898679894473
         149   2.930390948202987E-007        4.449903810373381
       80.936786069895110  -1.465286964086796E-003   8.560614453076576E-001
  -6.981972429141642E-001
         150  -8.576033117036476E-005   1.981596410751689E-001
        2.657792888910190  -1.684466584587763E-003   6.050493889431623E-001
       -1.282466490652560
         151  -4.962573047417684E-007        5.756218931860381
   2.423363882968331E-001  -1.018905658250705E-002  -1.010860685346711E-002
  -6.673553389680345E-001
         152   2.730803635621891E-005   1.463462033543787E-001
   1.268891416124584E-001  -3.731833953602428E-003        1.581604186568834
       -1.669188672192219
         153   3.285121192081546E-007      107.902552461630100
        2.201223491903683  -3.906360229821413E-002  -6.996371237136465E-001
       -2.222182738509289
         154  -8.409314995489940E-007   1.052304833896479E-001
       11.480543638403510  -8.615684035449370E-002  -1.376224749400270E-001
   5.476058237710002E-001
         155   5.022951315176458E-006   9.751334993588743E-001
        9.679403034854659  -8.563911978900549E-001        1.043239362601573
  -5.297726025078698E-001
         156  -6.047953353040132E-007       20.690309605217130
        2.631113242345657      -20.351417820767320  -7.607929844895794E-002
  -9.781949262955535E-001
         157  -1.236034590338953E-006   8.615629823909751E-001
        9.468686894128815  -4.345745224775406E-001        1.664346843035779
       -1.014486832961099
         158   2.274751022210626E-005   2.456944098402172E-001
        2.520528972230273  -1.375640885327579E-003  -3.625295312296575E-001
       -1.903969827960354
         159  -3.890663007351064E-006        3.180979918754412
        1.893513830082065  -5.280816200951996E-004        1.606055231098868
   4.949535377609155E-001
         160  -8.494356255970423E-007        8.144508274264624
       27.619290635401580  -1.661572743208991E-003  -5.784532399504404E-001
   6.928661737372975E-001
         161   5.861185634202390E-005        3.375401213393643
   4.951390811890312E-001  -1.511570347161856E-003  -3.071972299697489E-001
        1.544178278138983
         162   8.554625649215261E-006        1.303127038183092
        1.532885571258553   3.645672854572127E-005       -1.779574283713943
   8.556524939801753E-002
         163   6.761543019108115E-006        1.205568286214300
        3.647769648611122  -8.637288569002086E-001       -1.547542019291547
  -3.019124159863869E-001
         164  -9.295994775444482E-007        5.271248837761309
   2.164981450975936E-001  -9.848501687315506E-003   2.494645409394088E-001
        2.372017030426457
         165   1.820496324952191E-005        3.169146242224224
        9.953907380810716   4.366656630973548E-004  -7.111642701042095E-001
   6.759352011970855E-001
         166  -2.231921256190696E-006       10.606427001661690
        3.116292720995588  -1.884786292411234E-002   7.535506103692583E-001
   2.549644868740227E-001
         167  -2.714397399897920E-005        1.420339778156703
   2.059942562923240E-001  -2.427866272653406E-002       -2.086899322553445
        1.520506288945981
         168  -4.738426419669537E-006        5.638567985992679
        1.211979566789172  -2.746195287353450E-001        1.225931309308057
        1.811972716680315
         169   1.611222557929280E-006       29.915699400226490
        8.924792251390162   1.769476452903314E-003  -6.914325424440817E-001
   6.289680850794808E-001
         170   5.090109845065805E-005        3.990530650897624
   4.144462557725617E-001  -2.473592427722907E-002  -8.949194008458603E-001
        2.111731724903840
         171   3.313048147998706E-006        5.203603339448089
   3.798646262012040E-001  -2.013904824212457E-002       -1.344266193016612
   6.875671583651566E-001
         172  -2.185694164427533E-005   1.505317216252352E-001
        3.755491367471884  -1.378850237303695E-001        2.513701584672823
  -4.571295074283104E-001
         173   5.522434631208567E-007        6.559910774839215
   8.197028412686062E-001  -1.043657607746294E-001  -3.326238608277631E-001
   2.954632294796601E-001
         174  -1.859916440054204E-006        9.593556395883132
        2.024395255266079       -9.144451524728861        1.192935364329816
        1.565100897284235
         175   1.061052053364773E-006   2.356158120334622E-001
       86.260567248890520  -2.322295163260953E-001        1.668431603102892
  -6.992719442754916E-001
         176  -7.393122446972217E-006        7.659452867398665
   6.356463468559066E-001  -4.805428679648078E-004  -9.231498388924316E-001
        1.141922121081165
         177  -1.398800000239920E-006        1.228018040203273
       16.718075808553570  -4.020920739004801E-001   6.462784960657745E-001
  -5.760629547095172E-001
         178  -3.670372301306849E-006        1.068680768119585
        8.140007962577540  -5.226906905638646E-004        1.559342063204083
   5.427797216616263E-001
         179   2.205018444055873E-006       10.076667049580750
        2.035028918232540   2.496479330615388E-004  -4.563916921046653E-001
   3.749266942812617E-001
         180   2.390067018174564E-006        2.573589811171237
       14.026921982026710  -7.617596634930587E-001        1.637717154415579
  -7.632865220546665E-001
         181  -9.528962366478427E-005   8.997534942668357E-001
        1.274909139890539  -1.619573384682637E-001   2.958849188134553E-001
       -2.211707363753713
         182  -3.457723088622656E-004   9.593156845940281E-001
        1.952556772496949  -7.053257426564993E-001       -2.309412616046277
   5.511810174850624E-001
         183   3.811594006896283E-005        2.147494441739268
        3.179844439233365  -1.652500411355590E-002   6.422950193947765E-001
        1.000955069175298
         184   3.604394006506739E-006        9.637702090142319
   1.518352590562962E-001  -4.261605636975490E-003        1.007323958585154
        1.231196215283760
         185   8.843141384391579E-006        2.901563056983178
        2.999899733826442       -2.874731296719565       -1.459819772079373
        1.264688849320788
         186   1.625238437957982E-004   6.516787294185882E-001
        3.076408738827114  -7.358147005380025E-002  -3.621998479800545E-001
  -2.634244381702519E-001
         187  -1.446665172398391E-005        1.870736484768360
   2.518520675585770E-001       -1.870135762649926   8.004152316406636E-001
  -2.224495939628214E-001
         188   7.628716703256876E-006   1.842662188923548E-001
        6.430601827891035  -1.828558896887212E-001        1.041804080529798
        1.219452572716437
         189   6.888298382436523E-005   3.933728404569488E-001
        3.062545475289007  -2.409994323502160E-003        1.816011225854564
   4.120851733597021E-001
         190  -8.871596642256240E-008       67.594505943822010
   3.947320676428269E-001      -67.594083907208970        1.922379066363917
  -4.310821751076983E-001
         191  -3.255833177753670E-006   2.904079491529809E-001
        7.060002850015576   3.008981908339207E-005        1.545107404517913
       -1.208421814477771
         192  -1.875482592684281E-003   4.468424608209075E-001
        1.166222477945852  -4.080149138534682E-001        1.132733173239067
  -8.226402057147985E-001
         193   4.282881274223436E-005        1.631422022358021
   5.855598458684187E-001  -1.898807073806147E-001        1.848631447056466
        1.774921782948359
         194   2.283957910710374E-006        9.007817163292293
        3.755286831925439       -8.430156754774069       -1.154926192327380
        1.287938133917578
         195  -3.091155333238746E-005        4.767328057364031
   5.440945742782420E-001  -7.426792384478026E-002   1.736086894314827E-001
        1.803417631936108
         196   2.484527119084719E-006        4.733651428088311
       10.299103718105280       -1.312630111543650   4.706340597561950E-001
   7.047201769118417E-001
         197   2.603387328552310E-004   8.925959215906801E-001
   1.569145320630886E-001  -4.607936150602438E-003        1.034411917037972
        1.801661594524778
         198   2.024116644682292E-005        2.166028252511643
        2.224421615064986  -5.532373285334019E-001       -1.251030362715313
        1.828581454949017
         199   3.865587903995360E-005        1.009141498801125
   5.168559172130488E-001       -1.008552473920491  -7.296735905038375E-001
        2.118014949947097
         200   3.082129757425817E-005        2.881510509315638
        2.287757306598500  -4.217021070602840E-003   8.691032715823943E-001
  -4.530291051468260E-002
         201   2.677455140204447E-006   1.147437380423520E-001
       10.376391115348510  -2.174374542779525E-002        1.103277982474416
  -7.569898048052843E-001
         202   1.023755171633274E-006        4.162825422012544
   2.560057114822736E-001       -4.162608812661267       -1.300259550543325
   1.231184634999537E-001
         203  -6.654954755939214E-006        1.619501490548020
        2.314497238561032  -3.289068035377837E-001  -7.357101918290988E-002
       -2.479155491518436
         204   2.991681296853373E-004   1.942034645407678E-001
        3.280452728172316  -2.892466969672366E-002        1.296996862250953
  -6.260294434545747E-001
         205  -1.076409641071569E-005        2.499716571135014
        3.003772064986596       -1.593749449475953   1.941732763760576E-001
       -1.264872559805112
         206   6.336210970679088E-006        3.845001662344611
   3.895213889936596E-001   2.530264667150119E-003       -1.503611441482345
        1.587711845315428
         207  -5.452090047826686E-005   7.559219921224971E-001
   4.030455369815498E-001  -2.224349639706529E-003  -4.648671745082022E-001
        1.064969418835690
 :END:
 
