      LinCoeff:.   AA1:        AA2:        B12:        RZ1:       RZ2:
 FNC: ======================================================================
  1  0.1185D+00  0.4762D+00  0.2787D+00 -0.7563D-02  0.5081D+00 -0.6470D+00
  2  0.1065D+00  0.6738D+00  0.3353D+00 -0.1192D-01  0.5397D+00  0.4414D+00
  3  0.3928D-01  0.5770D+00  0.1011D+01 -0.3423D-01  0.6333D+00 -0.3310D+00
  4 -0.6304D-01  0.2358D+00  0.4687D+00  0.1279D+00 -0.1144D+00 -0.5308D+00
  5  0.6926D-01  0.8134D+00  0.1351D+00 -0.1291D-02  0.6185D+00 -0.5523D+00
  6  0.3378D-01  0.1695D+00  0.1160D+01 -0.1183D-01 -0.7149D+00 -0.3607D+00
  7  0.4773D-02  0.2464D+01  0.3331D+00 -0.3347D-01 -0.1017D+00 -0.6070D+00
  8 -0.3612D-01  0.1233D+01  0.4562D+00  0.1922D+00 -0.6220D+00 -0.2576D+00
  9  0.5175D-01  0.6328D+00  0.1501D+01  0.1136D-01  0.4585D+00  0.6285D+00
 10  0.2571D-01  0.9873D+00  0.2303D+01 -0.1351D-01 -0.6474D+00  0.6803D+00
 11 -0.4996D-02  0.1671D+01  0.7844D+00  0.1048D+01  0.5757D+00  0.1362D+00
 12  0.1249D-03  0.6912D+00  0.3057D+03 -0.1069D+00  0.2185D+00 -0.7009D+00
 13  0.8003D-02  0.1658D+00  0.1005D+02  0.1262D-02 -0.1535D+00 -0.6906D+00
 14  0.5388D-02  0.1690D+01  0.4303D+01 -0.1851D+00 -0.6416D+00 -0.6682D+00
 15 -0.1296D-02  0.1121D+01  0.7589D+00  0.4935D+01  0.3168D+00  0.6477D+00
 16  0.1018D-02  0.2987D+00  0.7698D+02 -0.6055D-01  0.2146D+00 -0.6978D+00
 17  0.4233D-02  0.5614D+01  0.2468D+01 -0.2395D-01  0.6873D+00 -0.6705D+00
 18  0.5223D-01  0.1906D+01  0.2404D+00 -0.9476D-02  0.6480D+00 -0.5091D+00
 19 -0.3388D-04 -0.8621D+00  0.2351D+01  0.1426D+03  0.1069D+01  0.6985D+00
 20  0.3260D-02  0.1076D+01  0.1284D+02 -0.1525D-01  0.6821D+00 -0.6919D+00
 21  0.1645D-01  0.3258D+00  0.3787D+01 -0.3848D-01 -0.6177D+00 -0.6758D+00
 22  0.3041D-02  0.6919D+00  0.1135D+02 -0.1131D+00 -0.6876D+00 -0.6850D+00
 23 -0.3764D-02  0.5387D+00  0.2799D+00  0.2031D+01  0.1931D+00  0.8248D+00
 24  0.7783D-03  0.1221D+01  0.5455D+02 -0.1360D-01 -0.6497D+00  0.6987D+00
 25  0.5298D-03  0.5707D+01  0.2205D+02 -0.2226D-01  0.6821D+00 -0.6998D+00
 26  0.9201D-01  0.1766D+00  0.3376D+00 -0.1053D-01  0.3800D+00  0.4937D+00
 27 -0.6923D-04  0.1044D+00  0.3722D+01  0.3796D+02  0.1089D+01 -0.5140D+00
 28  0.4012D-05  0.4027D+04 -0.1242D-01  0.6098D+00 -0.6993D+00  0.7202D+00
 29  0.1778D-01  0.5042D+01  0.4423D+00 -0.1089D-01  0.6795D+00 -0.6169D+00
 30  0.4788D-01  0.1017D+01  0.4640D+00  0.2455D-02 -0.7709D+00  0.6220D+00
 31  0.6364D-02  0.1234D+00  0.4369D+01  0.2138D-01 -0.1175D+01  0.7218D+00
 32  0.4321D-04  0.1445D+03  0.5773D+01 -0.2952D+01 -0.7013D+00 -0.6851D+00
 33  0.6576D-04  0.6185D+03 -0.2247D+00  0.4631D+00  0.7016D+00  0.1846D+01
 34 -0.1683D-05  0.1523D+01  0.2933D+00  0.1756D+04 -0.6220D+00  0.5396D-01
 35 -0.4939D-03  0.1321D+01  0.5916D+01  0.4209D+01 -0.4235D+00 -0.6516D+00
 36 -0.9898D-04  0.6869D+00 -0.1150D-01  0.3804D+02  0.3616D+00 -0.1704D+00
 37  0.1442D-03  0.1764D+03  0.7816D-01  0.3790D+00 -0.6971D+00 -0.1613D+01
 38  0.3413D-03  0.2546D+02  0.3180D+01 -0.8352D+00  0.6918D+00  0.6879D+00
 39  0.2163D-03  0.1899D+00  0.5365D+02  0.1444D-01 -0.8386D+00 -0.7114D+00
 40  0.1763D-04  0.2754D+01  0.9005D+03 -0.9846D-01 -0.6953D+00  0.7009D+00
 41  0.2585D-02  0.1519D+01  0.2121D+01 -0.1333D+00 -0.6686D+00 -0.5890D-02
 42  0.4380D-01  0.5267D+00  0.8142D-01 -0.3812D-02 -0.4720D+00 -0.3948D+00
 43  0.1319D-01  0.3273D+01  0.1015D+00 -0.2513D-03  0.5940D+00  0.1353D+00
 44 -0.1231D-01  0.6583D+00  0.4339D+00  0.4810D+00 -0.6765D-02  0.7001D+00
 45 -0.4171D-04  0.1974D+00  0.1777D+01  0.1951D+01 -0.4762D+00  0.1250D+01
 46 -0.9386D-06  0.7590D+02  0.5473D+00  0.2576D+02  0.7193D+00  0.1178D+01
 47  0.6608D-01  0.2485D+00  0.1418D+00 -0.9241D-03  0.4471D+00 -0.7714D+00
 48 -0.1018D-04 -0.4850D-01  0.1787D+02  0.3340D+00 -0.1589D+01  0.3078D+00
 49  0.2082D-03  0.8941D-01  0.2028D+03  0.3116D-01  0.5113D+00 -0.7016D+00
 50  0.1370D-01  0.1590D+01  0.1439D+00  0.4995D-02  0.8288D+00  0.7923D+00
 51  0.4128D-02  0.3360D+00  0.2092D+02  0.7388D-02 -0.6368D+00  0.6985D+00
 52 -0.2692D-01  0.2096D+00  0.1313D+00  0.6726D-01  0.1714D+00 -0.6332D+00
 53 -0.3650D-03  0.7463D+00  0.6254D+00  0.1498D+02  0.2942D+00 -0.1319D+01
 54 -0.4049D-05 -0.8666D-01  0.8777D+00  0.5914D+03 -0.1615D+01  0.1330D+00
 55 -0.4237D-02  0.1663D+00  0.2521D+00  0.6895D+00 -0.8287D+00  0.5552D-01
 56 -0.8703D-06  0.1535D+00  0.1058D+02  0.5957D+03  0.2103D+01 -0.6859D+00
 57  0.1536D-02  0.1020D+00  0.3100D+02 -0.6654D-02  0.2443D+00 -0.6977D+00
 58 -0.3296D-05  0.3645D+02  0.2502D+03  0.3021D-01 -0.7004D+00  0.7132D+00
 59  0.2516D-03  0.8588D+01  0.9507D+01 -0.4239D+00 -0.6382D+00 -0.7098D+00
 60  0.1836D-04  0.2246D+02  0.1493D+03  0.1586D+01  0.8014D+00 -0.7262D+00
 61  0.2236D-01  0.1767D+00  0.8219D-01 -0.5709D-02  0.4794D+00  0.1227D+00
 62  0.6368D-03  0.4379D+02  0.8561D+00 -0.2699D+00 -0.6987D+00 -0.5138D+00
 63  0.1352D-02  0.7930D+01  0.1072D+01 -0.1859D+00 -0.6948D+00  0.6161D-01
 64  0.3293D-05  0.1976D+04 -0.1337D+00  0.9845D+00 -0.6993D+00 -0.1310D+01
 65  0.2586D-02  0.5500D+00  0.2732D+00 -0.1620D-01  0.1535D+01  0.4348D+00
 66  0.2101D-02  0.7591D+01  0.7391D-01 -0.2372D-02 -0.7118D+00 -0.5764D+00
 67 -0.1964D-11  0.2590D+00  0.5147D+06  0.5326D-02  0.1249D+01 -0.8150D+00
 68 -0.3972D-04  0.1140D+01  0.4830D+01 -0.5921D-01  0.1706D+01 -0.9888D+00
 69 -0.4094D-03  0.8827D-01  0.4080D+00  0.7237D+01  0.1474D+01  0.1652D+00
 70 -0.7030D-04  0.4510D+00  0.5619D+01  0.2081D+02 -0.1084D+01  0.9017D+00
 71 -0.1490D-04  0.1094D+01  0.2235D+02  0.1395D+02  0.4254D+00 -0.7047D+00
 72 -0.1434D-02  0.3097D+00  0.3787D+01  0.8777D+00  0.2222D+00  0.6968D+00
 73  0.1345D-01  0.1580D+01  0.6572D-01 -0.6427D-03  0.6005D+00 -0.2785D+00
 74 -0.2532D-10  0.2630D+00  0.2567D+06  0.4715D-01 -0.3769D+00  0.8109D+00
 75  0.1376D-04  0.2949D+04  0.7441D-01  0.6756D-01  0.7004D+00 -0.1269D+01
 76 -0.8551D-05  0.6720D+01  0.1527D+02  0.7991D+02  0.7020D+00  0.6904D+00
 77  0.4460D-04  0.2447D+03  0.2798D+01  0.5658D+00 -0.7040D+00  0.9119D+00
 78  0.1579D-02  0.6264D-01  0.4866D+00  0.2590D-02  0.8037D+00 -0.1503D+01
 79  0.7701D-03  0.1637D+00  0.2930D+02  0.5204D-01 -0.1196D+01 -0.6877D+00
 80 -0.2860D-06  0.8548D+00  0.6945D+00  0.8850D+04  0.1189D+01 -0.3671D+00
 81  0.2170D-04  0.7507D-01  0.7801D+03  0.1015D+00  0.1891D+01  0.6976D+00
 82 -0.3854D-11  0.1669D+06 -0.5535D+01  0.5824D+01 -0.7024D+00  0.1773D+00
 83  0.1949D-02  0.2304D+00  0.9487D+01 -0.7306D-01  0.5316D+00 -0.6583D+00
 84 -0.7491D-07 -0.3714D-01  0.1190D+06  0.2235D+00 -0.8237D-01  0.7009D+00
 85  0.3942D-02  0.3553D+00  0.3762D-01  0.8586D-02  0.4139D+00 -0.2294D+01
 86  0.5652D-05  0.5857D-01  0.7279D+03  0.1957D+01  0.1486D+01 -0.7000D+00
 87  0.4122D-06 -0.7770D-01  0.8464D+05  0.2848D+00 -0.1954D+01 -0.7009D+00
 88  0.8940D-07  0.2254D+05 -0.3625D+00  0.5542D+00  0.7038D+00 -0.1889D+00
 89  0.1960D-05  0.6266D+01  0.1095D+02  0.8636D+01  0.1021D+01 -0.8175D+00
 90 -0.1486D-05  0.3575D+00 -0.1973D+00  0.1448D+03 -0.6421D+00 -0.1144D+01
 91  0.5946D-05  0.4922D+02  0.7913D+02  0.2907D-01  0.7422D+00  0.6697D+00
 92  0.6492D-04  0.9709D+01  0.1361D+01 -0.1699D-01  0.1334D+00 -0.7722D+00
 93  0.3568D-05  0.4672D+01  0.1702D+02  0.1475D+02  0.5968D+00 -0.7858D+00
 94  0.1479D-03  0.1650D+03  0.4615D+00  0.1372D+00 -0.7024D+00  0.1328D+01
 95 -0.5521D-04  0.4102D+01  0.2930D+00  0.8492D-01 -0.1243D+01 -0.2020D+01
 96  0.7729D-04  0.1739D+02  0.2946D+00  0.2226D+00  0.9017D+00 -0.1809D+01
 97  0.6171D-04  0.1429D+01  0.5353D+01  0.8833D-01 -0.4874D-01 -0.1241D+01
 98 -0.5188D-04  0.6344D+00  0.2581D+02  0.9742D+00 -0.1216D+01  0.5304D+00
 99  0.2858D-13  0.4379D+06  0.1189D+02 -0.1148D+02 -0.7162D+00 -0.1458D+01
100 -0.1621D-04  0.1551D+02  0.3225D+01 -0.1147D+00  0.8454D+00 -0.1060D+01
101 -0.7606D-09  0.1002D+00  0.1907D+06  0.1228D+00  0.5396D+00 -0.7169D+00
102 -0.1696D-05  0.8254D-01  0.3083D+04  0.9060D-02 -0.1598D+01  0.6977D+00
103  0.9611D-04 -0.4435D-02  0.1148D+03  0.7735D-01  0.1465D+01 -0.6949D+00
104 -0.1627D-03  0.1934D+01  0.3595D+01  0.3332D+01  0.7694D+00  0.1023D+01
105 -0.2312D-06  0.1342D+01  0.1317D+04  0.4295D-01 -0.7460D+00  0.7537D+00
106  0.4576D-05  0.2879D+01  0.1062D+02  0.3890D-01  0.1565D+01  0.8814D+00
107 -0.1051D-02  0.8210D+00  0.9723D+00  0.7257D+00  0.1139D+01  0.9091D+00
108  0.7231D-08  0.2221D+05 -0.3099D+00  0.4165D+00 -0.7295D+00 -0.9817D+00
109  0.6145D-07  0.2486D+00  0.4838D+06  0.1652D-02 -0.1284D+00 -0.7010D+00
110  0.4559D-06  0.1216D+04  0.5039D+00  0.3580D+01  0.6904D+00  0.1808D+01
111 -0.4595D-04  0.2050D+01  0.2556D+01  0.3060D+01  0.1180D+01 -0.9667D+00
112 -0.1986D-03  0.1087D+00  0.2625D+01  0.1738D-01  0.3167D-01 -0.1531D+01
113  0.3034D-04  0.6921D+02  0.4525D+00  0.7337D+00  0.7177D+00  0.1732D+01
114  0.1681D-02  0.9102D+00  0.1466D+01 -0.6257D-01 -0.1322D+01 -0.6142D+00
115  0.3438D-04  0.6183D+01  0.1482D+00  0.1340D+01  0.1169D+01  0.6685D+00
116  0.2791D-05  0.1519D+05  0.1199D+00  0.1253D+00  0.7005D+00 -0.1442D+01
117 -0.1278D-06  0.1220D+02  0.1428D+05  0.3423D-02  0.5923D+00 -0.6978D+00
118 -0.1873D-05  0.3780D+02 -0.3038D-02  0.1090D+02  0.6880D-01 -0.4334D+00
119  0.1686D-05  0.1913D-03  0.7239D+01  0.7786D-02  0.1552D+01 -0.1525D+00
120  0.8169D-03  0.3967D+01  0.8780D-01 -0.2365D-01  0.1023D+01  0.4952D-01
121  0.2868D-06  0.1706D+04 -0.7159D-02  0.2004D-01  0.6999D+00 -0.3150D+00
122 -0.2269D-04 -0.1494D-03  0.2210D+02  0.4332D-01 -0.3529D-01 -0.1041D+01
123  0.1967D-04  0.4985D+01  0.1512D+02  0.2560D+01 -0.3653D+00  0.9175D+00
124  0.1345D-04  0.2244D+04  0.5016D+00  0.1582D+00 -0.7006D+00  0.1142D+01
125  0.1156D-05  0.1403D+01  0.1437D+05 -0.2772D-02  0.4991D+00 -0.7013D+00
126 -0.6270D-03  0.3326D+00  0.1419D+00  0.3148D+00  0.1887D+01  0.1256D+01
127  0.3527D-04  0.7212D-01  0.8950D+01 -0.5575D-03 -0.2130D+00  0.1167D+00
128  0.1192D-04  0.3788D+01  0.9773D-01  0.2419D+01 -0.1811D+01  0.3565D+00
129 -0.1380D-06  0.1409D+04  0.1005D+01  0.6042D+00 -0.7282D+00 -0.1189D+01
130  0.2396D-06  0.1804D+00  0.6396D+02  0.9388D-03  0.1291D+01  0.2581D+00
131 -0.7323D-06  0.6653D+02  0.1696D+02  0.1270D-01  0.9181D+00  0.3631D+00
132 -0.7913D-06  0.3444D-03  0.4690D+04  0.1401D+01 -0.7667D+00  0.6942D+00
133  0.4669D-03  0.1276D+01  0.2181D-01  0.1121D-01 -0.1206D+00 -0.1872D+01
134  0.1095D-06  0.2397D+04 -0.5966D+00  0.1004D+01  0.7245D+00  0.1132D+01
135  0.5848D-05  0.3657D+02 -0.7999D-01  0.1058D+00 -0.6233D+00  0.1048D+01
136 -0.6829D-05  0.4310D+01  0.1621D+02  0.4279D-03  0.1262D-01 -0.1231D+01
137  0.2335D-07  0.4221D+05  0.9746D+01 -0.7674D+00 -0.7008D+00  0.1024D+01
138  0.7890D-07  0.1541D+01  0.4428D+05  0.5450D-01  0.2948D+00 -0.7007D+00
139  0.2315D-05  0.1432D+02  0.8993D+01  0.5378D-02  0.4871D+00 -0.9212D+00
140  0.3892D-07  0.1227D-02  0.2720D+05  0.3992D-01 -0.1588D+00  0.7018D+00
141  0.1134D-04  0.7250D-01  0.7865D+03  0.7640D-02  0.1708D+01 -0.7017D+00
142 -0.5575D-05  0.2109D+02  0.1073D+02  0.5940D+00 -0.1150D+01 -0.9740D+00
143 -0.2427D-04  0.6538D+01  0.6218D-02  0.3463D+01 -0.6477D-01  0.1935D+01
144 -0.2914D-07  0.1043D+01 -0.4374D-01  0.6978D+05  0.4085D+00  0.8050D-01
145 -0.2305D-04  0.1355D+01  0.7022D-03  0.6479D-02 -0.9843D+00 -0.8751D-01
146  0.4155D-04  0.5166D-01  0.9728D-03  0.1766D+00  0.1092D+00  0.1073D+01
147 -0.1567D-05  0.4089D+02  0.1159D+01  0.4177D-01  0.1475D+00 -0.1197D+01
148 -0.3988D-05  0.5263D-03  0.5402D+01  0.1060D+02 -0.2561D+01 -0.1671D+01
149  0.2712D-06  0.1980D+02  0.6551D+04  0.6520D-02  0.8561D+00 -0.6986D+00
150 -0.1503D-03  0.3893D-01  0.7064D+01  0.3340D-03  0.6050D+00 -0.1282D+01
151 -0.2392D-05  0.3308D+02  0.1804D-03  0.5865D-01 -0.1011D-01 -0.6674D+00
152  0.2732D-04  0.2087D-01  0.1557D-01  0.5462D-03  0.1582D+01 -0.1669D+01
153  0.2102D-06  0.1164D+05  0.6318D+00  0.4215D+01 -0.6996D+00 -0.2222D+01
154  0.6799D-06  0.2007D-02  0.1318D+03  0.9066D-02 -0.1376D+00  0.5476D+00
155  0.8539D-05  0.1158D+00  0.9359D+02  0.8351D+00  0.1043D+01 -0.5298D+00
156 -0.2827D-06  0.7012D+01  0.2583D-01  0.4211D+03 -0.7608D-01 -0.9782D+00
157 -0.4416D-06  0.3679D+00  0.8947D+02  0.3744D+00  0.1664D+01 -0.1014D+01
158  0.2358D-04  0.6003D-01  0.6353D+01  0.3378D-03 -0.3625D+00 -0.1904D+01
159 -0.8482D-05  0.1012D+02  0.3584D+01  0.1680D-02  0.1606D+01  0.4950D+00
160  0.1605D-06  0.6632D+02  0.7628D+03  0.1353D-01 -0.5785D+00  0.6929D+00
161  0.7988D-05  0.1139D+02  0.2401D+00  0.5103D-02 -0.3072D+00  0.1544D+01
162 -0.4944D-04  0.1698D+01  0.2350D+01 -0.4747D-04 -0.1780D+01  0.8557D-01
163  0.1996D-05  0.4121D+00  0.1301D+02  0.1041D+01 -0.1548D+01 -0.3019D+00
164  0.1797D-05  0.2773D+02 -0.4945D-02  0.5191D-01  0.2495D+00  0.2372D+01
165  0.1582D-04  0.1004D+02  0.9908D+02 -0.1381D-02 -0.7112D+00  0.6769D+00
166 -0.2940D-05  0.1123D+03  0.9512D+01  0.1999D+00  0.7536D+00  0.2550D+00
167  0.3190D-04  0.1983D+01  0.8539D-02  0.3448D-01 -0.2087D+01  0.1521D+01
168  0.4903D-07  0.3024D+02 -0.4151D-02  0.1548D+01  0.1226D+01  0.1812D+01
169  0.1284D-05  0.8950D+03  0.7970D+02 -0.5294D-01 -0.6914D+00  0.6290D+00
170  0.6339D-04  0.1583D+02  0.7368D-01  0.9870D-01 -0.8949D+00  0.2112D+01
171  0.1639D-05  0.2697D+02  0.3991D-01  0.1048D+00 -0.1344D+01  0.6876D+00
172 -0.4038D-04  0.1904D-02  0.1410D+02  0.2076D-01  0.2514D+01 -0.4571D+00
173 -0.5148D-06  0.4235D+02 -0.1825D-02  0.6846D+00 -0.3326D+00  0.2955D+00
174 -0.3786D-05  0.4309D+01 -0.8642D-02  0.8773D+02  0.1193D+01  0.1565D+01
175  0.1090D-05  0.7979D-03  0.7441D+04  0.5472D-01  0.1668D+01 -0.6993D+00
176 -0.1881D-04  0.5866D+02  0.4004D+00  0.3679D-02 -0.9231D+00  0.1142D+01
177 -0.7677D-06  0.1014D+01  0.2792D+03  0.4938D+00  0.6463D+00 -0.5761D+00
178 -0.4578D-05  0.1142D+01  0.6626D+02  0.5586D-03  0.1559D+01  0.5428D+00
179  0.9408D-06  0.1015D+03  0.4144D+01 -0.2516D-02 -0.4564D+00  0.3749D+00
180  0.2252D-05  0.4663D+01  0.1954D+03  0.1960D+01  0.1638D+01 -0.7640D+00
181 -0.1028D-03  0.6638D+00  0.1506D+01  0.1457D+00  0.2959D+00 -0.2212D+01
182 -0.4221D-03  0.2437D+00  0.3633D+01  0.6766D+00 -0.2309D+01  0.5512D+00
183  0.5569D-04  0.4576D+01  0.1008D+02  0.3549D-01  0.6423D+00  0.1001D+01
184  0.8691D-06  0.9284D+02 -0.1800D-01  0.4107D-01  0.1007D+01  0.1231D+01
185  0.7537D-06  0.7785D-01  0.8922D+01  0.8341D+01 -0.1460D+01  0.1265D+01
186  0.2188D-03  0.3767D+00  0.9422D+01  0.4795D-01 -0.3622D+00 -0.2634D+00
187 -0.1919D-04  0.1124D-02  0.6231D-01  0.3499D+01  0.8004D+00 -0.2224D+00
188  0.3922D-05  0.2599D-03  0.4135D+02  0.3369D-01  0.1042D+01  0.1219D+01
189  0.8571D-04  0.1538D+00  0.9378D+01  0.9481D-03  0.1816D+01  0.4121D+00
190 -0.9363D-07  0.2853D-01  0.1273D+00  0.4569D+04  0.1922D+01 -0.4311D+00
191 -0.1358D-05  0.8435D-01  0.4984D+02 -0.8733D-05  0.1545D+01 -0.1208D+01
192 -0.1951D-02  0.1735D-01  0.1344D+01  0.1823D+00  0.1133D+01 -0.8226D+00
193 -0.3885D-04  0.2352D+01  0.6916D-01  0.3098D+00  0.1849D+01  0.1775D+01
194  0.2082D-05  0.5203D+01  0.9232D+01  0.7594D+02 -0.1155D+01  0.1288D+01
195 -0.1640D-04  0.2237D+02 -0.5251D-01  0.3541D+00  0.1736D+00  0.1803D+01
196  0.3635D-05  0.1619D+02  0.1016D+03  0.6214D+01  0.4706D+00  0.7047D+00
197  0.2085D-03  0.7926D+00  0.2053D-01  0.4113D-02  0.1034D+01  0.1802D+01
198  0.3740D-04  0.3493D+01  0.4056D+01  0.1198D+01 -0.1251D+01  0.1829D+01
199  0.4831D-04  0.5948D-03  0.2665D+00  0.1018D+01 -0.7297D+00  0.2118D+01
200  0.4235D-04  0.8291D+01  0.5222D+01  0.1215D-01  0.8691D+00 -0.4530D-01
201  0.4545D-05  0.1067D-01  0.1077D+03  0.2495D-02  0.1103D+01 -0.7570D+00
202 -0.1126D-05  0.9017D-03  0.6464D-01  0.1733D+02 -0.1300D+01  0.1231D+00
203 -0.4773D-05  0.2090D+01  0.4932D+01  0.5327D+00 -0.7357D-01 -0.2479D+01
204  0.3343D-03  0.3210D-01  0.1076D+02  0.5617D-02  0.1297D+01 -0.6260D+00
205 -0.4796D-05  0.2265D+01  0.7579D+01  0.3984D+01  0.1942D+00 -0.1265D+01
206  0.7083D-05  0.1479D+02  0.1615D+00 -0.9729D-02 -0.1504D+01  0.1588D+01
207  0.2869D-05  0.1609D-01  0.3950D-06  0.1055D+01 -0.5295D-01  0.1634D+01
208  0.8188D-05  0.7333D-05  0.1692D+02  0.1285D-01  0.4500D-01 -0.1257D+01
209  0.1134D-05  0.1945D+03  0.1394D+01  0.1157D-02  0.9323D+00  0.2169D+00
210  0.3745D-04  0.2220D+02  0.4151D-01  0.7422D-02 -0.6138D+00 -0.2001D+01
211  0.8970D-05  0.1092D-01  0.3156D+02  0.2036D-03  0.1339D+01 -0.9747D+00
212  0.1320D-05  0.3716D+02  0.1334D-03  0.1582D+01  0.9617D+00  0.1834D+01
213  0.1019D-05  0.9143D+02  0.1054D-03  0.3703D+00 -0.1648D+00 -0.1095D+01
214  0.7541D-04  0.2823D+01  0.1628D-01  0.1572D-02 -0.8517D+00 -0.1626D+01
215 -0.1739D-04  0.3174D-02  0.7671D+01  0.6635D-02  0.5331D+00  0.8993D+00
216  0.3613D-04  0.8347D+00  0.6978D+01  0.7726D-02 -0.1128D+01  0.3624D+00
217 -0.3552D-05  0.4589D+01  0.1954D+00  0.3849D+03  0.5857D+00  0.4546D+00
218  0.4114D-06  0.9611D-05  0.4273D-01  0.1877D+03 -0.2236D-01  0.1774D+01
219  0.3204D-05  0.3503D+02  0.3513D+00  0.3797D-02  0.4006D+00 -0.1047D+01
220  0.5340D-04  0.4303D+01  0.1006D+01  0.4767D+00 -0.4147D-02  0.1765D+01
221 -0.5522D-05  0.1459D+02  0.1682D+02  0.2334D-01  0.3501D+00  0.1055D+01
222  0.1966D-03  0.9669D+00  0.4089D-03  0.2838D+00  0.1629D+01 -0.9711D+00
223  0.6061D-05  0.1756D-01  0.7205D-02  0.7949D+01  0.5135D+00 -0.5056D+00
224 -0.1106D-05  0.7255D+03  0.7112D+01  0.2780D-03 -0.6865D+00  0.8736D+00
225 -0.6268D-04  0.7324D+00  0.7783D-05  0.1091D-01  0.1348D+00  0.1574D+01
226 -0.4924D-05  0.2147D+03  0.9437D+00  0.1174D-01 -0.6957D+00 -0.1743D+01
227  0.1111D-04  0.4074D+01  0.1866D+01  0.2372D-01 -0.1445D+01 -0.1118D+01
228  0.4508D-04  0.2920D+00  0.9006D-02  0.2345D-03 -0.4385D+00 -0.9393D-03
229 -0.4355D-06  0.2168D+03  0.1818D-02  0.1008D+03  0.6894D+00 -0.1084D+01
230 -0.4696D-06  0.2795D+03  0.1247D-04  0.1973D+01  0.4865D+00  0.1215D+01
231 -0.1772D-04  0.1117D+02  0.3081D+01  0.1809D-02  0.7830D-03  0.1402D+01
232 -0.3111D-05  0.9825D+00  0.1687D+03  0.1491D-01 -0.1403D+01 -0.7804D+00
233 -0.3195D-05  0.7601D+03  0.4479D+01  0.2014D-01  0.7116D+00 -0.6864D+00
234  0.8701D-06  0.5389D+03 -0.7506D-07  0.6978D+00  0.8043D+00  0.9603D+00
235 -0.2030D-04  0.4483D+00  0.1233D-02  0.4568D-02 -0.1931D+01 -0.1677D+01
236  0.1012D-05  0.8141D+02  0.8781D-01  0.1390D+00 -0.6075D-01  0.1186D+01
237 -0.5840D-07  0.7435D+01  0.1248D+02  0.8776D+04 -0.8154D+00 -0.7455D+00
238  0.5671D-04  0.4464D+00  0.8776D+00  0.1627D-03  0.1525D+01 -0.3274D-01
239 -0.1548D-04  0.5008D+01  0.8916D+01  0.2391D-02 -0.5463D+00  0.1389D+01
240  0.1189D-05  0.1153D+03  0.1830D+01  0.9675D-04 -0.9138D+00  0.1403D+01
241 -0.9289D-05  0.4835D-02  0.9240D-02  0.3063D-03  0.5989D+00  0.1820D+01
242  0.5884D-06  0.5955D+01  0.7020D+04  0.9729D-01 -0.5869D+00  0.7053D+00
243 -0.9958D-05  0.1385D+02  0.1104D+02  0.1166D-04 -0.9363D+00  0.1347D+00
244  0.7306D-07  0.1826D+04  0.1073D-03  0.6635D+02  0.6938D+00 -0.8236D+00
245  0.6903D-05  0.2515D-01  0.1277D+03  0.1850D-02 -0.1683D+01  0.6723D+00
246 -0.1973D-04  0.2450D+02  0.6482D-02  0.8910D-02  0.5954D+00 -0.1571D+01
247  0.6556D-06  0.2783D-02  0.2521D+02  0.2192D-03 -0.5743D+00  0.4486D+00
248 -0.5334D-05  0.1923D+00  0.1363D+02  0.1939D+01  0.5285D+00 -0.1427D+01
249  0.1003D-05  0.1061D+02  0.3950D-02  0.4301D+00  0.1565D+01 -0.1292D+01
250 -0.1377D-05  0.5795D+02  0.1192D+02  0.4864D+02  0.9245D+00 -0.1079D+01
251 -0.1651D-04  0.3087D+01  0.1823D+02  0.1464D-01  0.4581D+00  0.1075D+01
252 -0.1337D-04  0.5340D+00  0.2519D+02  0.3962D+01 -0.9221D+00  0.7899D+00
253  0.7237D-05  0.7723D+01  0.7161D+02  0.3235D-01  0.9246D+00  0.6384D+00
254 -0.1196D-04  0.2345D-03  0.7492D+01  0.1797D+02  0.2112D+01  0.1570D+00
255  0.1217D-05  0.1569D+03  0.4946D+00  0.1377D-05 -0.7128D+00  0.2087D+01
256  0.2862D-05  0.1969D-02  0.1455D+02  0.4736D+02 -0.1161D+01  0.3282D-01
257 -0.1930D-04  0.3368D+01  0.2601D+02  0.1247D+02 -0.9083D+00 -0.4916D+00
258 -0.7921D-04  0.1034D+01  0.2594D-03  0.7810D-01 -0.2349D+01  0.2560D+01
259  0.1413D-04  0.7300D+00  0.8986D+02  0.5785D-02 -0.1367D+01  0.6086D+00
260 -0.2424D-05  0.1316D+03 -0.1443D-05  0.6254D-01 -0.5893D+00  0.6825D+00
261  0.4905D-05  0.1254D+03  0.6664D+01  0.3082D-01 -0.7617D+00 -0.7995D+00
262  0.9191D-06  0.6129D+02  0.2675D+02  0.8423D-02 -0.1214D+01 -0.2339D+00
263  0.1594D-06  0.6360D+01  0.1419D+03  0.2942D+00  0.1070D+01 -0.5330D+00
264 -0.4892D-04  0.9968D+01  0.2761D+00  0.1517D-02 -0.1987D+00 -0.1643D+01
265  0.1429D-04  0.2401D+00  0.2182D+02  0.9246D+01  0.6136D+00 -0.4695D+00
266  0.5877D-04  0.2790D-02  0.1637D+00  0.1651D-01  0.2955D+01  0.2385D+01
267 -0.9982D-05  0.1204D+02  0.4801D-01  0.6396D-03 -0.1874D+01 -0.1264D+01
268 -0.1378D-05  0.6727D-02  0.3479D-03  0.1544D+02  0.1288D+01 -0.1715D+01
269  0.6525D-05  0.1446D+02  0.4507D+01  0.1567D+02 -0.1018D+01  0.4985D+00
270  0.9820D-07  0.1228D+05  0.3171D-01  0.9595D+00 -0.6945D+00  0.6873D+00
271  0.1771D-04  0.6658D+00  0.6778D+01  0.1072D-03  0.8413D+00 -0.1294D+01
272  0.1131D-06  0.3163D+01  0.1227D+03  0.4615D+00 -0.2135D+00  0.7746D+00
273  0.2081D-05  0.1603D+01  0.1484D+02  0.2193D-02 -0.1802D+01 -0.2116D+00
274 -0.7713D-04  0.2190D-01  0.3875D+01  0.2398D-02  0.1323D+01 -0.4324D+00
275  0.3210D-05  0.7047D-04  0.7921D+02  0.5566D-01 -0.2455D+00 -0.9430D+00
276 -0.2946D-05  0.2366D+01  0.2246D+02  0.1621D+00  0.1175D+01 -0.1193D+01
277 -0.6701D-07  0.8529D+03  0.8615D+00  0.8628D+00 -0.8431D+00  0.1544D+01
278 -0.1707D-05  0.1299D+03  0.1108D-01  0.1504D-03 -0.8661D+00  0.2329D+01
279  0.6748D-04  0.4118D+00  0.3546D-04  0.4319D+00  0.2708D+01 -0.2229D+01
280 -0.1106D-03  0.5070D-06  0.1013D+00  0.2436D+00  0.1423D+01 -0.1997D+01
281  0.3821D-05  0.6097D+02  0.8624D+02  0.2539D+00 -0.5659D+00  0.7005D+00
282 -0.2685D-05  0.1890D+02  0.4484D+02  0.9571D+00 -0.4786D+00  0.8182D+00
283 -0.1550D-05  0.7748D+01  0.1815D+03  0.6945D-02 -0.1231D+01 -0.6192D+00
284  0.6412D-06  0.4204D+03  0.4800D+01  0.4481D-01 -0.6130D+00  0.1343D+00
285 -0.1215D-05  0.4018D+03  0.1034D+02  0.3967D-03 -0.6861D+00  0.3541D+00
286 -0.4839D-04  0.6200D-01  0.1413D-03  0.6463D-01 -0.7035D-01  0.1379D+01
287 -0.1057D-05  0.5917D+02  0.8263D-06  0.5180D-02  0.1212D+01  0.7829D+00
288  0.6589D-05  0.6261D+01  0.2737D+02  0.9213D+00  0.5801D+00 -0.3780D+00
289  0.1975D-05  0.4577D+03  0.3703D+01  0.1302D-01  0.7023D+00  0.1204D+01
290  0.1741D-06  0.2501D+04  0.4561D+02  0.2070D-03 -0.7264D+00  0.6044D+00
291  0.1505D-05  0.5090D+01  0.3791D-01  0.1156D+03  0.1578D+01  0.1835D+01
292 -0.8781D-05  0.6503D+00  0.1980D-03  0.2460D+01 -0.2195D+01  0.2271D+01
293 -0.2785D-07  0.1746D+02  0.1289D+03  0.1366D-03 -0.5006D+00  0.5616D+00
294  0.6040D-04  0.1021D+00  0.6556D+01  0.2478D-02 -0.1739D+01  0.3250D+00
295  0.2315D-04  0.3458D-05  0.7481D+01  0.9405D-02 -0.1608D+00  0.4740D+00
296 -0.3640D-04  0.8140D+00  0.1533D+02  0.5567D-04 -0.9057D-01 -0.9785D-01
297 -0.2328D-05  0.7916D+01  0.1078D+03  0.3772D+00  0.1123D+01  0.7424D+00
298  0.2142D-05  0.7931D+03  0.7415D+00  0.4447D-03  0.6998D+00 -0.1925D+01
299  0.1111D-04  0.1276D-03  0.2127D+02  0.2241D+01 -0.2035D+01  0.1048D+00
300 -0.1239D-05  0.4604D-06  0.1063D+03  0.3955D-02 -0.3294D+00  0.9952D+00
301  0.1377D-05  0.8102D-07  0.7955D+02  0.1276D-01  0.2775D+01 -0.3776D+00
302 -0.1423D-06  0.2246D+01  0.3333D+05  0.1127D+01  0.9251D+00 -0.7060D+00
303 -0.5505D-05  0.2057D+02  0.1357D+01  0.1921D+01  0.3930D+00 -0.9549D+00
304  0.5236D-05  0.1142D-01  0.1340D+02  0.2052D-03  0.1417D+01 -0.1508D+01
305 -0.1410D-06  0.3147D+03  0.7856D+03  0.1719D-03  0.6084D+00 -0.6941D+00
306  0.2547D-05  0.1012D+02  0.3782D+02  0.7066D-01 -0.3459D-01 -0.1104D+01
307  0.8373D-04  0.1934D+00  0.3746D+00  0.2650D-04  0.2443D+01  0.1328D+01
308  0.3139D-05  0.3895D+01  0.2066D+01  0.1264D+02 -0.1071D+01  0.2098D+01
309 -0.8069D-06  0.6824D+02  0.2005D-02  0.2296D-02  0.1385D+01 -0.2438D+01
310 -0.6568D-07  0.1110D+01  0.1184D+05  0.1716D-02  0.7316D+00 -0.7164D+00
311 -0.8492D-05  0.1503D+01  0.1888D+02  0.1479D-02  0.1560D+01 -0.5765D+00
312  0.5973D-05  0.2224D+00  0.2800D+03  0.2419D-02  0.1176D+01  0.6563D+00
313  0.3124D-04  0.2144D+00  0.2556D+01  0.3066D-02 -0.2889D+00  0.2160D+01
314  0.2282D-05  0.6619D+01  0.3462D+02  0.2205D+00  0.1371D+01 -0.7292D+00
315 -0.4757D-05  0.1555D+03  0.2409D+01  0.1861D-01  0.6156D+00 -0.1492D+01
316  0.1888D-04  0.3145D+01  0.4022D+02  0.1430D+00 -0.5042D+00  0.8119D+00
317 -0.1295D-05  0.1308D-03  0.4922D+03  0.2767D+00  0.5183D+00  0.6305D+00
318 -0.2560D-05  0.1417D+03  0.1241D+01  0.1545D-02 -0.8304D+00  0.4008D+00
319  0.7176D-06  0.4058D+03  0.4156D-03  0.1511D+00  0.5675D+00 -0.1986D+00
320  0.1121D-05  0.1072D+03  0.2799D-02  0.3893D+02  0.5151D+00  0.1512D+01
321 -0.3552D-05  0.2021D+00  0.1919D+03  0.8926D-01  0.9150D+00 -0.6219D+00
322  0.6879D-04  0.8270D+00  0.2620D+01  0.6457D-04 -0.1794D+01  0.2822D+00
323  0.6671D-07  0.3190D+00  0.2880D+05  0.2514D+00 -0.1101D+01  0.7116D+00
324  0.8006D-05  0.3483D+02  0.3800D+01  0.4904D-02  0.4786D+00  0.4562D+00
325 -0.1946D-06  0.4395D+01  0.3359D+04  0.2300D-02 -0.1184D+01  0.7090D+00
326 -0.5135D-05  0.9539D+00  0.7214D+02  0.8245D-03 -0.1529D+01  0.4768D+00
327  0.1315D-05  0.3715D+02  0.1957D+02  0.1567D+00  0.1097D+00 -0.1377D+01
328 -0.1597D-07  0.7929D+04  0.7550D-05  0.3596D+01  0.7161D+00  0.3098D+01
329 -0.1156D-03  0.2471D+01  0.1642D+00  0.4122D-03  0.1581D+01  0.1622D+01
330  0.4175D-05  0.1338D+03  0.4515D+00  0.6037D-03 -0.8955D+00  0.1476D+01
331 -0.2455D-05  0.2332D+03  0.1018D+03  0.7650D-01 -0.6835D+00  0.5799D+00
332 -0.2565D-05  0.1160D-04  0.4379D+02  0.2338D+00 -0.1924D+01  0.1061D+01
333 -0.6727D-04  0.3498D+01  0.7357D+00  0.1794D+01 -0.1022D+00 -0.1634D+01
334  0.5211D-04  0.7461D+01  0.1137D+02  0.5362D-01 -0.6585D+00  0.7263D+00
335  0.1364D-05  0.2781D+01  0.4859D+03  0.4135D-01  0.1083D+01 -0.6381D+00
336 -0.4513D-05  0.1247D+02  0.4061D-06  0.7058D+00  0.2113D+01 -0.1139D+01
337  0.1310D-06  0.3904D+05  0.9768D+00  0.9663D-04 -0.7012D+00  0.1403D+01
338 -0.3528D-06  0.2635D+02  0.4921D+03  0.6365D+00  0.8504D+00 -0.6345D+00
339  0.2619D-05  0.1113D+03  0.4676D+00  0.1555D-01 -0.1013D+01  0.1277D+01
340  0.9146D-06  0.1207D+02  0.1701D+03  0.2801D-03 -0.1270D-01 -0.6968D+00
341 -0.1047D-04 -0.4772D-06  0.2034D+01  0.7336D+02 -0.1799D+01  0.1958D+00
342  0.7226D-06  0.2237D+02  0.1398D+00  0.7890D+02  0.1043D+01 -0.5122D+00
343  0.2518D-04  0.1391D-06  0.1213D+02  0.4128D-01  0.3126D+00 -0.1349D+01
344  0.6431D-05  0.4887D+02  0.1574D+01  0.2749D+00 -0.4676D+00  0.1023D+01
345 -0.2685D-06  0.7665D-01  0.2091D+04  0.2055D-04 -0.1576D+01 -0.6739D+00
346 -0.3766D-05  0.5109D-04  0.3785D+02  0.6942D-01  0.2408D+01  0.1439D+01
347  0.2154D-04  0.5115D+01  0.7184D+01  0.7104D+01  0.8607D+00  0.1256D+01
348 -0.2596D-04  0.6975D-02  0.2136D+01  0.9939D-02  0.1498D+01 -0.2361D+01
349  0.6388D-04  0.5748D+00  0.2281D+01  0.7103D+00 -0.7875D+00 -0.1756D+01
350  0.3478D-04  0.2826D+02  0.3339D+01  0.6006D-02 -0.6140D+00  0.4302D+00
351  0.6783D-05  0.2945D+02  0.6207D+00  0.1816D-03  0.7996D-01  0.1471D+01
352  0.6004D-04  0.4815D-02  0.4175D+01  0.1717D+00 -0.8751D+00 -0.1754D+01
353  0.6896D-05  0.6940D+03  0.6570D+00  0.7349D-03 -0.7042D+00 -0.4414D+00
354  0.1564D-04  0.2621D+01  0.5696D+01  0.2439D+00 -0.1454D+01 -0.4802D+00
355 -0.2305D-05  0.1020D-04  0.3625D+00  0.2516D+03 -0.2047D+00  0.4437D+00
356 -0.1833D-04  0.3815D+01  0.8274D+01  0.4183D+01  0.9386D+00 -0.9743D+00
357 -0.3274D-06  0.3092D+03  0.5191D+01  0.7924D-01  0.7635D+00 -0.1368D+01
358  0.4616D-06  0.6426D-05  0.1755D+04  0.1508D+02  0.1266D+01  0.7052D+00
359 -0.1926D-05  0.8481D-04  0.1003D+01  0.7260D+02 -0.2717D+00  0.1269D+01
360 -0.4042D-05  0.2728D+01  0.4219D+02  0.1111D-02  0.6781D+00 -0.9923D+00
361 -0.1704D-05  0.3490D-04  0.1860D+03  0.6248D-02  0.5397D+00 -0.7274D+00
362  0.1136D-04  0.1118D+04  0.2391D+00  0.5897D-01  0.7007D+00 -0.6010D+00
363 -0.2780D-05  0.3301D+02  0.1464D+02  0.7541D+00 -0.3460D+00  0.1093D+00
364  0.7277D-05  0.6083D+03  0.4590D-03  0.8245D-01 -0.6988D+00  0.1859D+01
365 -0.1040D-04  0.3503D+01  0.8518D+02  0.1908D+00 -0.6705D+00  0.5986D+00
366 -0.9536D-05  0.3299D+02  0.3939D+01  0.4239D+01 -0.8920D+00  0.1442D+01
367 -0.2599D-05  0.1719D+00  0.1540D+03  0.2746D+01  0.1565D+01 -0.5349D+00
368 -0.1460D-05  0.3236D+03  0.2069D-03  0.1994D-01 -0.6610D+00 -0.3735D+00
369 -0.1347D-05  0.3204D+01  0.6374D+02  0.1199D+02  0.1279D+01  0.8747D+00
370 -0.4828D-06  0.6912D-01  0.3952D+03  0.7954D-04  0.2874D-01 -0.9089D+00
371  0.8104D-06  0.1118D+03  0.3194D+02  0.8482D+01 -0.8326D+00  0.5310D+00
372  0.9002D-07  0.4892D-06  0.7123D+05  0.6711D+00  0.4941D+00  0.6995D+00
373  0.5013D-04  0.1993D-01  0.1238D+01  0.3605D-02  0.1705D+01 -0.1295D+01
374  0.2364D-06  0.1056D+05  0.8213D+01  0.2224D+01 -0.6938D+00  0.9571D+00
375 -0.7894D-04  0.5443D+00  0.2103D-04  0.1251D+00 -0.4283D+00  0.3135D+00
376 -0.3861D-06  0.6307D+03  0.5125D-05  0.1428D+02 -0.7761D+00  0.3838D+00
377  0.5291D-06  0.2116D+03  0.6287D+02  0.5039D+01  0.8557D+00 -0.8105D+00
378  0.2883D-06  0.7273D+03  0.2566D-06  0.1473D+01 -0.5879D+00  0.7006D+00
379 -0.5521D-05  0.1934D+01  0.3754D+01  0.1713D-01 -0.1406D+01  0.1397D+01
380 -0.2251D-05  0.2388D+03  0.7360D+01  0.2831D-02  0.6987D+00  0.8825D+00
381  0.1686D-04  0.5236D+01  0.1029D+03  0.1828D-03 -0.6245D+00  0.6914D+00
382  0.7629D-06  0.1206D+03  0.1524D+03  0.3907D+01 -0.6682D+00  0.6573D+00
383  0.1363D-04  0.3930D+01  0.3883D+02  0.2292D+00  0.1126D+01 -0.6615D+00
384  0.6554D-06  0.1220D+03  0.3618D+01  0.2071D+00 -0.1124D+01  0.6751D+00
385 -0.1006D-05  0.8053D+02  0.3405D+02  0.2593D+01  0.4139D+00 -0.6651D+00
 ---------------------------------------------------------------------------
 ENERGY= -1.17447526004785563    --->   ||g||^2 =  0.439505686982899471E-07
 
 :BEGIN:
 385
 1 0.118476850625063815 0.684538542068097833 0.520548384598507718 0.110476794031239556E-01 0.508104213963300189 -0.647009862715912321
 2 0.106500684769633439 0.813566758599056139 0.568440513036167161 0.146454951011719334E-01 0.539684294736834547 0.441414907632840636
 3 0.392790739245366255E-01 0.736761474776741920 0.987131168240295231 0.464534601324037497E-01 0.633264077614728915 -0.330960680941571161
 4 -0.630371554974613751E-01 0.603142071688394510 0.742730362153183776 -0.212108406879238515 -0.114444108127528157 -0.530799179677926447
 5 0.692611396197101020E-01 0.901162971353411835 0.365836241024967757 0.143240846078978830E-02 0.618530684843302536 -0.552315734843816020
 6 0.337773896086395881E-01 0.397112293768586255 1.07104416680618986 0.297835652128336653E-01 -0.714925936433116749 -0.360712253077627831
 7 0.477260184360506386E-02 1.55915126962456174 0.546962263999034248 0.214694794413135860E-01 -0.101672758455899945 -0.607011817374171758
 8 -0.361228275468140972E-01 1.19362815255435661 0.788943123010110381 -0.160988865454510299 -0.622020236151771377 -0.257577060256851897
 9 0.517502644071138884E-01 0.802621272295925725 1.22979800985990440 -0.141515300415735769E-01 0.458548447605975629 0.628467987026396502
 10 0.257135185320037374E-01 0.986786526710930478 1.51312182475544055 0.136895159712617752E-01 -0.647443223734396778 0.680272573343727371
 11 -0.499561058941986897E-02 1.64884313932756799 1.19513141094201925 -0.635521163734984462 0.575695852737310054 0.136171395175914728
 12 0.124851238355355731E-03 0.764392233630597273 17.4795652982862748 0.139810734732617292 0.218471595506698341 -0.700913939655244067
 13 0.800309267049186500E-02 0.408781206552652432 3.17098959249286061 -0.308743969871576448E-02 -0.153540683946675277 -0.690628283960647904
 14 0.538830624087646964E-02 1.22681949431700477 2.02368789555846451 0.150911577366155153 -0.641584999339597117 -0.668194797955433351
 15 -0.129629211607888923E-02 2.46106712118815052 1.29334124716206067 -2.00540015432360264 0.316783031143479832 0.647702282830223242
 16 0.101808191038328189E-02 0.487980247702153924 8.76953160430900169 0.124089283375774309 0.214630568192878818 -0.697849986386661514
 17 0.423329608197762358E-02 2.36423137504021419 1.56331351565860288 0.101319183080720143E-01 0.687339187863405421 -0.670513686579427892
 18 0.522281123728872768E-01 1.37723986746925720 0.480511985892889792 0.688075512394089889E-02 0.647952190422559582 -0.509062731721591333
 19 -0.338796562117807068E-04 11.9055126141219976 1.21786444974402919 -11.9779280004173483 1.06852838658433180 0.698516770794291864
 20 0.326018020708498946E-02 1.03004085918817601 3.58155540065612588 0.148021970106958639E-01 0.682116433590525872 -0.691871229714358549
 21 0.164471016798831242E-01 0.536025677693706459 1.93487396518370702 0.717850172609059423E-01 -0.617656463838332503 -0.675790762243433596
 22 0.304061084361169787E-02 0.760771671722422882 3.34828270935674066 0.148700733809683044 -0.687565962103708128 -0.684970572492737517
 23 -0.376368324935798682E-02 1.60313133762605009 0.840038526938927999 -1.26708992031694301 0.193107212956260044 0.824792969794733044
 24 0.778302166717871418E-03 1.09889034609900582 7.38466662977046440 0.123748586969753358E-01 -0.649719705613966969 0.698679347731342770
 25 0.529839590842484686E-03 2.38428674045077083 4.69304759270188221 0.933503558373423650E-02 0.682096821625138405 -0.699759613262995628
 26 0.920108826914068090E-01 0.407570802550970335 0.571328488808312329 0.258399188795016797E-01 0.379987882262769583 0.493704168962559142
 27 -0.692269874637914851E-04 6.16954812048021051 1.95609337971664221 -6.15262794325143236 1.08887303357109011 -0.514025844873822524
 28 0.401225229216708048E-05 63.4616238808773900 0.772867707566628814 -0.960951943983215547E-02 -0.699318512158599082 0.720203425927000374
 29 0.177811455654992567E-01 2.24307770363594594 0.656785327619731074 0.485364661467855164E-02 0.679498547942428921 -0.616949452285479705
 30 0.478817971262622613E-01 1.00945226601719962 0.683003074769611085 -0.243193897135146522E-02 -0.770943466956735657 0.622024112853392874
 31 0.636400325041732839E-02 0.380519313073579002 2.09459766651093071 -0.561888955943745660E-01 -1.17475283156987764 0.721827688081660424
 32 0.432051469354601138E-04 11.8988469384918467 1.66096024033254541 0.248106600084320672 -0.701303899689254440 -0.685122145504360014
 33 0.657553360081738634E-04 24.8797726156443701 0.487954193220892118 -0.186137356881041355E-01 0.701555556728189589 1.84631700773881735
 34 -0.168330783009248506E-05 41.9219796335764485 1.34713547057729910 -41.8856544328987468 -0.621997870207250836 0.539583504996639859E-01
 35 -0.493904823190096797E-03 2.35152687023468410 2.63096636466785316 -1.78970188946127018 -0.423491059796817337 -0.651580410765463802
 36 -0.989763482595715672E-04 6.22341112673846908 0.814396325730236348 -6.11303377320390595 0.361565433386743129 -0.170412369500964805
 37 0.144200872936561125E-03 13.2974421751727494 0.675553920211110048 -0.285034500514203745E-01 -0.697129956124079908 -1.61301902758995097
 38 0.341257465673911408E-03 4.96244999621098959 1.52209543228998645 0.168299783040622486 0.691823926681453205 0.687878754281272653
 39 0.216274634836784618E-03 0.452053590837090735 7.32570717497938517 -0.319368329893417041E-01 -0.838606151881247097 -0.711419525422578025
 40 0.176327208374456518E-04 1.62972094761125019 30.0061062384452129 0.604176382573603718E-01 -0.695253504663725042 0.700935859039430231
 41 0.258463373935252216E-02 1.17733643002578625 1.40522511296889108 0.113253069264207210 -0.668641948740508085 -0.588954783660185829E-02
 42 0.438018481549460950E-01 0.723110193186881522 0.278535629469923995 0.527156045059028709E-02 -0.472018754807736529 -0.394815591677830868
 43 0.131897549549659064E-01 1.80894738821551315 0.318253238393251536 0.138924653973980343E-03 0.594047893412912753 0.135340990854368792
 44 -0.123055055202060323E-01 1.06736602105469935 0.843686673323719272 -0.450597199464634279 -0.676522955277674472E-02 0.700077230277229789
 45 -0.417130020168978777E-04 1.46569894078142537 1.39853357835919323 -1.33103988642983739 -0.476190137740979902 1.24951988850978091
 46 -0.938568446894522479E-06 10.0826481420381047 4.44726235755783961 -2.55453987997681153 0.719289011904605369 1.17807206913984586
 47 0.660764189448851541E-01 0.497554786452343523 0.375267366317221684 0.185725787810841537E-02 0.447134320651617012 -0.771391942441527978
 48 -0.101801141824769271E-04 0.534309566846637884 4.22012120334979368 -0.625084169489033781 -1.58925383109064833 0.307767195348194245
 49 0.208210358683114121E-03 0.347228659840605802 14.2424868825977153 -0.897283509721678446E-01 0.511323743108562656 -0.701600544637823176
 50 0.136990383518300739E-01 1.26309812737938532 0.385885281372208011 -0.395451101639275170E-02 0.828790886409044636 0.792262119733099901
 51 0.412825744898265550E-02 0.586029909942050176 4.57494817495974537 -0.126071453453403242E-01 -0.636759718500912952 0.698521055540560543
 52 -0.269223900209103473E-01 0.526215866130396281 0.426923007097608387 -0.127810365864009040 0.171446462599633809 -0.633222172076017942
 53 -0.365015153207815305E-03 3.96552128596260456 1.15595512846269122 -3.77732599967614213 0.294199896574850905 -1.31884918876654389
 54 -0.404921455295399328E-05 24.3170091761065343 0.889392697009569577 -24.3205727679221262 -1.61536155716716179 0.133045423389192174
 55 -0.423747270624749532E-02 0.925129506579235095 0.621328058525978166 -0.745353621209788986 -0.828655150843807808 0.555167258253579377E-01
 56 -0.870289066535289876E-06 24.4101477855365978 3.27659234663545718 -24.4038587151418227 2.10327296665758023 -0.685941651512524619
 57 0.153579570831395801E-02 0.308797906726334837 5.56753404319820522 0.215490941524227736E-01 0.244336656397415752 -0.697704239442844210
 58 -0.329568209372966447E-05 6.03959098435345343 15.8184939409095104 -0.500162377976551449E-02 -0.700367380221203928 0.713220806170704713
 59 0.251637045643915381E-03 2.85727798940735545 3.01017893204243991 0.148370328924926353 -0.638150541941059579 -0.709766330314428706
 60 0.183612608571455792E-04 4.90321769711570266 12.2810311694179237 -0.323383811942409727 0.801355465738441741 -0.726244059306811129
 61 0.223641889910141008E-01 0.413562530685196328 0.276213458310771653 0.138056118780691128E-01 0.479363793601069010 0.122663311321611082
 62 0.636798693951086208E-03 6.59680791525614296 0.764556965881649897 0.409088113797817024E-01 -0.698684344733137674 -0.513845338075574531
 63 0.135179985903176184E-02 2.78281382275129729 0.938723164559334800 0.667891194780456943E-01 -0.694786676171213036 0.616077473804332726E-01
 64 0.329279530501802175E-05 44.4640408678852594 0.922165116582335909 -0.221425002548027057E-01 -0.699326007480095213 -1.30990741988112736
 65 0.258608282394665870E-02 0.730620191928925466 0.506463670277379374 0.221710532255667246E-01 1.53485565126259038 0.434819406891337579
 66 0.210065434548886406E-02 2.75482010560415302 0.267468444944404637 0.861153659878403899E-03 -0.711818809330124203 -0.576371116192753941
 67 -0.196393267792195011E-11 0.514096394779244514 717.421809090198281 -0.103602677386377216E-01 1.24944157680061707 -0.815033128333321977
 68 -0.397165068995717325E-04 1.03948064574252630 2.18337448544618384 0.569616014597160644E-01 1.70600340387669758 -0.988821054613974848
 69 -0.409400298501320264E-03 2.70661062023289256 0.703695725173367870 -2.67399895241272967 1.47365910022985269 0.165189971651895112
 70 -0.703019518934926076E-04 4.61130087646475406 2.46176542526242814 -4.51348832233168107 -1.08432046724899700 0.901664896772200408
 71 -0.148972017635090050E-04 3.87819923262755184 4.83407187290312468 -3.59612995610210362 0.425421445568869183 -0.704709174679743922
 72 -0.143438623005553729E-02 1.08968387628370800 2.00386680952584229 -0.805489567101944082 0.222205251216975014 0.696832501993148390
 73 0.134466280901548475E-01 1.25687932575208317 0.255104478823520664 0.511315362201445953E-03 0.600450356291193144 -0.278534791442552165
 74 -0.253215158944065294E-10 0.556950911407320781 506.674801884586202 -0.846563961577446178E-01 -0.376905286045090937 0.810899248097705749
 75 0.137552330110340258E-04 54.3045859381810416 0.376782550525062654 -0.124402502038627725E-02 0.700426663924533899 -1.26889897315294342
 76 -0.855118947943280167E-05 9.30744145253363797 4.63375677435774946 -8.58546901432327658 0.701966480156220318 0.690425411070945017
 77 0.446035069820676551E-04 15.6608118306646489 1.83380406330336898 -0.361289655368346105E-01 -0.703969293310165667 0.911858776621705225
 78 0.157883142727778753E-02 0.255408431074115261 0.699374478804501432 -0.101419387056386409E-01 0.803731261049813961 -1.50320920420717918
 79 0.770075006403605133E-03 0.464451122103041458 5.41624647149693583 -0.112048854822778959 -1.19596381913710892 -0.687704280373628740
 80 -0.285983510818175644E-06 94.0768864553721471 1.24471021039610452 -94.0677997765924800 1.18948017776994486 -0.367096914045654588
 81 0.216967970474271269E-04 0.420169930236350742 27.9314115444196354 -0.241502778216000663 1.89110338450726156 0.697632382210285451
 82 -0.385372590118440433E-11 408.580403878733080 0.537655001894325024 -0.142549525909974276E-01 -0.702351919959355642 0.177297336483653950
 83 0.194882959779494659E-02 0.396598666685493539 3.06262244196040889 0.184217722281779961 0.531568551670190348 -0.658283185217293010
 84 -0.749140217099965442E-07 0.431644144121968221 345.011708537281663 -0.517688685015705308 -0.823675811329916546E-01 0.700874634432550159
 85 0.394154256639172532E-02 0.603203387705762317 0.214480992322791081 -0.142338549421057413E-01 0.413920603627518480 -2.29409200938262314
 86 0.565224680309221850E-05 1.41957587455492384 26.9798853831341638 -1.37831547121761422 1.48636263106437405 -0.699994591478708017
 87 0.412154260296694879E-06 0.455062209382893657 290.932740787632952 -0.625804754347729975 -1.95414253416668138 -0.700928308753009155
 88 0.893989068495016994E-07 150.123350531712646 0.437747106410253994 -0.369148995939569229E-02 0.703799899731084810 -0.188947749561530515
 89 0.195983684015889372E-05 3.86037172090896830 3.81804260753630587 -2.23712776826815007 1.02103979513436949 -0.817502091129503783
 90 -0.148561061276622830E-05 12.0499923777436191 0.399179205885256350 -12.0203218098616471 -0.642127997261560668 -1.14379606999282024
 91 0.594571405672460688E-05 7.01763540812268882 8.89733875765603344 -0.414299947834386503E-02 0.742156214277259418 0.669711137418168123
 92 0.649153129379948239E-04 3.11325516517741541 1.15948144371297279 0.545761302175339687E-02 0.133357172664630430 -0.772183034469714591
 93 0.356798224404839728E-05 4.40746484658256765 4.53476118125025263 -3.34737827156288636 0.596754663130499519 -0.785782585706919945
 94 0.147871345088416739E-03 12.8523375967177849 0.773719742730907378 -0.106772966397436879E-01 -0.702373291076862971 1.32849236646799196
 95 -0.552057441859786326E-04 2.04607922800570075 0.613333872507850542 -0.415054439498419650E-01 -1.24275895263640002 -2.01967214819945218
 96 0.772947564537458296E-04 4.19658039708797759 0.717259717740810876 -0.530543189656276643E-01 0.901716928909842563 -1.80900787478740721
 97 0.617076839295065723E-04 1.23161450938981964 2.33156200750831921 -0.717190920790951869E-01 -0.487407760218826133E-01 -1.24148758249770630
 98 -0.518825653021934182E-04 1.26828796050335235 5.11803075539134422 -0.768105586421203412 -1.21620984399908361 0.530404579818748001
 99 0.285798381889610912E-13 661.756233365028493 0.639457199265330178 0.173496638020893094E-01 -0.716227534124237564 -1.45756443448186590
 100 -0.162141275013544088E-04 3.92372801993273290 1.76346770251582008 0.292449779322126388E-01 0.845439614300104614 -1.05996066253045584
 101 -0.760648246792105299E-09 0.472166078558563185 436.643541329165203 -0.260047202799790211 0.539568523742302575 -0.716926069774131092
 102 -0.169627088512193877E-05 0.302656129159158460 55.5257289758465760 -0.299336354671426060E-01 -1.59751111654894373 0.697674344331552732
 103 0.961144043873296745E-04 0.270020052246073616 10.7152644736767808 -0.286446309897706364 1.46502724387609495 -0.694883974799988979
 104 -0.162690737775567746E-03 2.29459865083750802 2.19510217709936128 -1.45189089014264350 0.769431917415594024 1.02297076376472651
 105 -0.231179735498645703E-06 1.17664199180237494 36.2957279702685653 -0.365053540635914900E-01 -0.746001674827521333 0.753749574351878615
 106 0.457576518133345664E-05 1.70812659189180982 3.26545428551334371 -0.227733839757144202E-01 1.56466516575361081 0.881398092961492852
 107 -0.105137297996285963E-02 1.24368463358570858 1.16510709587312533 -0.583514698927265152 1.13933730435173697 0.909057153039381172
 108 0.723143952260808344E-08 149.037047947355887 0.326536655832302514 -0.279486496861174267E-02 -0.729454411446337270 -0.981707660027262063
 109 0.614542090886454318E-07 0.500223912894851908 695.543517078401010 -0.330156408747459169E-02 -0.128428214001512497 -0.701006535522114338
 110 0.455858704841219883E-06 34.9239750890082803 2.01819295069031979 -0.102500776405366631 0.690441390751427186 1.80790749820749896
 111 -0.459457251118354385E-04 2.26045994049509291 1.94522794968038282 -1.35359689587783483 1.17997336051350277 -0.966657137027029600
 112 -0.198617431209768954E-03 0.355035280596851965 1.62467066018381345 -0.489574811027805173E-01 0.316719208411516476E-01 -1.53104864179182076
 113 0.303435001844266267E-04 8.36301321116820873 1.08554807658846686 -0.877261614316762334E-01 0.717684563050331792 1.73160299383828065
 114 0.168135497917467486E-02 0.920663880915328026 1.18291353182018555 0.679653974848221515E-01 -1.32184690266141414 -0.614160893902965466
 115 0.343815146970745606E-04 2.74289215960052557 1.11783290632859811 -0.488560836061651849 1.16902781821589286 0.668505713003416546
 116 0.279052179463148876E-05 123.247476136046444 0.495126450261497708 -0.101638965732210444E-02 0.700505884642140808 -1.44196252119925572
 117 -0.127771027545827348E-06 3.49345173083396610 119.480658490835893 -0.979959104852008885E-03 0.592268556792019063 -0.697787047773681057
 118 -0.187264462274289740E-05 6.97843756448774410 2.90777586606581551 -1.56140939957130809 0.687965258133612645E-01 -0.433436598581166510
 119 0.168559041288316796E-05 0.893175379306581363E-01 2.69065079375014138 -0.871761062359718147E-01 1.55184565905447047 -0.152539223031741306
 120 0.816895405738570228E-03 1.98589405137216013 0.253009883915582712 0.119082693381879091E-01 1.02258365022324771 0.495159944817473024E-01
 121 0.286794063957368740E-06 41.3031973300387349 0.113490437661671717 -0.485164079886162578E-03 0.699853108580047789 -0.314977048442415863
 122 -0.226872147055234288E-04 0.207763372288566395 4.70138013800501842 -0.208482404674840721 -0.352946283330010935E-01 -1.04097228172725886
 123 0.196678121130711340E-04 2.74666970335331451 4.09961135206850091 -0.931876165839733650 -0.365315154636435713 0.917528166089581321
 124 0.134509682192082452E-04 47.3736539734940791 0.812265391013864191 -0.333944332157236389E-02 -0.700646121465998695 1.14248250148626185
 125 0.115602440873107186E-05 1.18335432783912853 119.871557367707609 0.234258712525901597E-02 0.499109582413920283 -0.701296655659542911
 126 -0.626958751932305425E-03 0.804577148527432118 0.551012183966565372 -0.391251878830556288 1.88663430023762690 1.25584696044591193
 127 0.352698824739647090E-04 0.267511987351301439 2.99164047852237536 0.208409152928753670E-02 -0.213009139283617033 0.116712225615876908
 128 0.119210355362964446E-04 2.49136602441294119 1.25457833358222004 -0.970932571553412727 -1.81135934547505406 0.356515461827195512
 129 -0.137992352346250620E-06 37.5384570080636237 1.26859543212410997 -0.160955991517131684E-01 -0.728219960711621428 -1.18920986936841988
 130 0.239560606826920875E-06 0.425810315628892322 7.99749704083760626 -0.220466459015893762E-02 1.29063817341310183 0.258147678811417647
 131 -0.732346679702230958E-06 8.15722244948891984 4.11979218635353295 -0.155675494378564147E-02 0.918077231261391402 0.363085478874603795
 132 -0.791321050170037700E-06 1.18389279613041376 68.4864398748657948 -1.18360186510540033 -0.766698663270944714 0.694182605351997939
 133 0.466922876799066497E-03 1.13460065727846904 0.181440387499041095 -0.987864362703445853E-02 -0.120636166215249335 -1.87175269236925246
 134 0.109472873784570851E-06 48.9664725111408288 0.637595195942258330 -0.204951971788972266E-01 0.724462943924451097 1.13169463680301807
 135 0.584826462951712875E-05 6.05609664988344054 0.159585630683334784 -0.174632312779308789E-01 -0.623344114516739323 1.04805741399805408
 136 -0.682881251020572018E-05 2.07606576140092347 4.02563777279172541 -0.206132120597830453E-03 0.126187585464263164E-01 -1.23064653478938779
 137 0.233470164095069811E-07 205.459751584195317 2.99649210369544372 0.373507271432270589E-02 -0.700770150402818648 1.02387438454946489
 138 0.788981366672448042E-07 1.26305880164253526 210.428688962213840 -0.431527310143858464E-01 0.294786511875193724 -0.700706360439220521
 139 0.231542707872840648E-05 3.78547283093584719 2.99966234804777843 -0.142077195946102423E-02 0.487110903805514639 -0.921162964611428436
 140 0.389222421320438475E-07 0.202858699829151751 164.937505318446597 -0.196810895016213766 -0.158824339269707931 0.701761601290223913
 141 0.113421827285901707E-04 0.283096633253626662 28.0449328840861725 -0.269887239431235125E-01 1.70750627067378469 -0.701742768455592691
 142 -0.557476930202808444E-05 4.65649699981581922 3.36246305382424016 -0.127554907402188444 -1.15003051238551701 -0.974010626792645939
 143 -0.242737768609281930E-04 3.16240827312235995 1.50665585256090950 -1.09498092926764978 -0.647658086499387081E-01 1.93547554311517467
 144 -0.291369391972607933E-07 264.169767641376041 0.999555574413217185 -264.165819933843579 0.408535076958261911 0.805030453711034072E-01
 145 -0.230462409493535912E-04 1.16688985955782898 0.845623328640411343E-01 -0.555268904287898202E-02 -0.984333225584209881 -0.875063541928584598E-01
 146 0.415461793215780452E-04 0.477770256234542445 0.202334029411073979 -0.369651547825738336 0.109164609012296535 1.07286340439969297
 147 -0.156651036210049374E-05 6.39762409914542918 1.09590325419858603 -0.652894819830977802E-02 0.147451985582365164 -1.19717457690206563
 148 -0.398807890080009726E-05 3.25529327645571742 2.32429000512492445 -3.25513160068913043 -2.56127692246223582 -1.67089866670501364
 149 0.271161132222000696E-06 4.44990380709695099 80.9367860696847572 -0.146529980972755019E-02 0.856061407997850576 -0.698566538058164821
 150 -0.150335308803088328E-03 0.198158495706635379 2.65779280670043594 -0.168534118159594393E-02 0.605049372994711065 -1.28246617292339549
 151 -0.239187723651545844E-05 5.75621893059671130 0.242336363562368456 -0.101890425299150950E-01 -0.101086048393894019E-01 -0.667355338967847489
 152 0.273178843140383912E-04 0.146346327190023634 0.126889290288710072 -0.373200959650257617E-02 1.58160418592559959 -1.66918867144421501
 153 0.210209601231270709E-06 107.902552461885421 2.20122346032365224 -0.390643518104240445E-01 -0.699636882105737379 -2.22218273561645985
 154 0.679920643337545666E-06 0.105230488965788141 11.4805436381240398 -0.861568392096251912E-01 -0.137622474957599966 0.547605838257969713
 155 0.853904393280523147E-05 0.975133537132672146 9.67940303001393865 -0.856391145187769376 1.04323936497505709 -0.529772659449503691
 156 -0.282711633642489330E-06 20.6903096029587594 2.63111324338767094 -20.3514178235403911 -0.760792993040389220E-01 -0.978194926298886491
 157 -0.441599906895892627E-06 0.861562972825486884 9.46868689393918217 -0.434574530700000849 1.66434684296627933 -1.01448668157183453
 158 0.235755586852115143E-04 0.245695731678994861 2.52052894974152242 -0.137501358378281204E-02 -0.362529530435950764 -1.90396981286034328
 159 -0.848197877784931808E-05 3.18097991768642929 1.89351382724934347 -0.528095857927109906E-03 1.60605520352015385 0.494953541856206658
 160 0.160525529222187783E-06 8.14450827699063495 27.6192906351578600 -0.166157549418675401E-02 -0.578453237372456353 0.692863379352914532
 161 0.798783733765608738E-05 3.37540120031534485 0.495138998659166552 -0.151175204743155467E-02 -0.307197250410605138 1.54417827188521595
 162 -0.494374906154371394E-04 1.30312700799851888 1.53288556914772744 0.364314334103844222E-04 -1.77957424702445199 0.855652130217803980E-01
 163 0.199643799283545805E-05 1.20556828809264793 3.64776964744527943 -0.863728856637110964 -1.54754201945676773 -0.301912418289116968
 164 0.179706629803497510E-05 5.27124883728108973 0.216498160000595324 -0.984844544387558987E-02 0.249464549629293986 2.37201703039685219
 165 0.158199760673682627E-04 3.16914435784954263 9.95390736893512162 0.435784769406235162E-03 -0.711164229669160486 0.676874295312499874
 166 -0.294014485531548187E-05 10.6064270016141950 3.11629271969939037 -0.188478585449392520E-01 0.753550536462345266 0.254964480100009272
 167 0.318950674666700261E-04 1.42033977059551897 0.205994166476588331 -0.242790910350913249E-01 -2.08689933435994535 1.52050628820591527
 168 0.490317626683617386E-07 5.63856798516155600 1.21197956494683989 -0.274619538634371940 1.22593131338334493 1.81197271669222770
 169 0.128448341061625618E-05 29.9156993975055059 8.92479224761300571 0.176958844695641296E-02 -0.691433492030515851 0.628968176596543471
 170 0.633891545655819715E-04 3.99053053402684021 0.414446574677818202 -0.247341367478962695E-01 -0.894919012989586871 2.11173173753888399
 171 0.163878806261909509E-05 5.20360333245965823 0.379864615653674242 -0.201391370829327766E-01 -1.34426616211193473 0.687567157985382038
 172 -0.403833676432009399E-04 0.150532146031952724 3.75549136190282518 -0.137884892198453790 2.51370158527585996 -0.457129680703787011
 173 -0.514804525283993664E-06 6.55991077465513772 0.819702842541529919 -0.104365752760925176 -0.332623865721805245 0.295463229476471023
 174 -0.378598125433974303E-05 9.59355641522416924 2.02439523402302424 -9.14445150415126129 1.19293533564036003 1.56510089734253044
 175 0.109002561300890697E-05 0.235616020072537846 86.2605672488543718 -0.232229440714395052 1.66843160321027950 -0.699286694000391562
 176 -0.188110034727775770E-04 7.65945286798251068 0.635646390535829720 -0.480312387953763127E-03 -0.923149733062664124 1.14192212977439222
 177 -0.767655250805303824E-06 1.22801803535964837 16.7180758074849898 -0.402092076432056245 0.646278497139073815 -0.576061485339253831
 178 -0.457837162596710236E-05 1.06868076042966509 8.14000796059260523 -0.522689711579382124E-03 1.55934205978549634 0.542779658693566147
 179 0.940800258265745936E-06 10.0766670459663210 2.03502891261689189 0.249655972573254782E-03 -0.456391751457143557 0.374926693621032814
 180 0.225201961794855292E-05 2.57358935154096269 14.0269219789243067 -0.761759923217621315 1.63771715858569111 -0.763980670643504056
 181 -0.102800272787422796E-03 0.899753472375303121 1.27490911681787233 -0.161957486403659978 0.295884850043982572 -2.21170737293649156
 182 -0.422115418875044818E-03 0.959315293130882596 1.95255669645804875 -0.705325702101015306 -2.30941262728582242 0.551181323664924894
 183 0.556948575308137658E-04 2.14749440551322479 3.17984440536396074 -0.165250397781513750E-01 0.642295089396059060 1.00095479909446317
 184 0.869099570447171558E-06 9.63770208932259465 0.151835302924400006 -0.426163107936692806E-02 1.00732395182938683 1.23119621540045276
 185 0.753687865734152366E-06 2.90156313704386548 2.99989973254785403 -2.87473121532927944 -1.45981977280502928 1.26468880430642705
 186 0.218772102275422288E-03 0.651678999761465039 3.07640871184569376 -0.735813621440503107E-01 -0.362199945849835392 -0.263425184470800433
 187 -0.191912892039591474E-04 1.87073650361871779 0.251852365198618866 -1.87013573715929216 0.800415231642895408 -0.222449593825702813
 188 0.392194423084137924E-05 0.184266310008929901 6.43060182550920967 -0.182855861092385746 1.04180408052527262 1.21945263780592872
 189 0.857101458549261230E-04 0.393372717132338401 3.06254543833252635 -0.241012831672445796E-02 1.81601123037008505 0.412085428308950619
 190 -0.936287172197156779E-07 67.5945059440173850 0.394732091447505984 -67.5940839069546087 1.92237906636395151 -0.431082175107543653
 191 -0.135828455358934727E-05 0.290407903116638999 7.06000284960353852 0.300720375537350878E-04 1.54510740534196733 -1.20842142708972067
 192 -0.195115860886360009E-02 0.446842954497576106 1.16622308612340864 -0.408013990435212748 1.13273320834515534 -0.822640191811045196
 193 -0.388535451251952301E-04 1.63142202115585189 0.585559857358891489 -0.189880727143688477 1.84863145256611361 1.77492178324360128
 194 0.208203501546625458E-05 9.00781717422211159 3.75528682619649956 -8.43015673986104730 -1.15492619813389119 1.28793813291238490
 195 -0.163978133812816623E-04 4.76732804349296835 0.544094623507551001 -0.742681830190304870E-01 0.173608620038808253 1.80341763376715503
 196 0.363539304023577132E-05 4.73365142487703938 10.2991037150664493 -1.31263011242522221 0.470634105802880842 0.704720245771621068
 197 0.208457026181028401E-03 0.892596062060508122 0.156914606788145311 -0.460830276475966000E-02 1.03441193476292037 1.80166156955280776
 198 0.374005440823732790E-04 2.16602951446936043 2.22442158085113695 -0.553236664943844048 -1.25103032543408510 1.82858099153153941
 199 0.483074283044014770E-04 1.00914168256261516 0.516856002586859153 -1.00855222343205564 -0.729673590533287397 2.11801494173165317
 200 0.423542834542378730E-04 2.88151050585902757 2.28775730877335626 -0.421707374024899405E-02 0.869103251990276271 -0.453029226793067660E-01
 201 0.454481341535381514E-05 0.114743917117509864 10.3763911146997732 -0.217437255089486178E-01 1.10327798300694768 -0.756989843256032469
 202 -0.112647999057641437E-05 4.16282542188903815 0.256005706092459484 -4.16260881291328744 -1.30025955054325837 0.123118463504770986
 203 -0.477346975001989244E-05 1.61950146095811132 2.31449723502222060 -0.328906818322459715 -0.735710265156153537E-01 -2.47915550842312626
 204 0.334325692185883110E-03 0.194206029822339171 3.28045265339889935 -0.289231046556340729E-01 1.29699694672637889 -0.626030748329801545
 205 -0.479582414139510032E-05 2.49971657710622797 3.00377206639340733 -1.59374943360374011 0.194173287865985339 -1.26487255146881972
 206 0.708333424496211734E-05 3.84500163160343078 0.389521359167957493 0.253028428184013830E-02 -1.50361142310516804 1.58771184531743503
 207 0.286919425925764415E-05 1.03472549050297502 0.125892804915654771 -1.01917506760136867 -0.529450073312712211E-01 1.63407254934504609
 208 0.818754712818450562E-05 0.113405999845052577 4.11368228946552073 -0.113341336137967416 0.449980931542006135E-01 -1.25679454512276023
 209 0.113417844960100751E-05 13.9450407099560589 1.18101964130667403 -0.829875201002227875E-04 0.932260450996181378 0.216884202124893094
 210 0.374475806596859449E-04 4.71248404677412669 0.221192652187916727 -0.157497346314299912E-02 -0.613758870694170566 -2.00073648899871026
 211 0.896970272392914315E-05 0.105486986770644942 5.61784797304746597 -0.192989434042975332E-02 1.33896637336926605 -0.974697561802210566
 212 0.132024319088626566E-05 6.22401352753414550 1.23198096771253374 -0.254220493535736058 0.961717139952347200 1.83387934982922274
 213 0.101871454393840727E-05 9.58137616244435186 0.607352648031539433 -0.386442657018510743E-01 -0.164818443822828592 -1.09523026335419504
 214 0.754093443497941718E-04 1.68060338473396276 0.133597202638117751 -0.935550320871465519E-03 -0.851653321808508723 -1.62603040896154449
 215 -0.173927955208717235E-04 0.990411150096548037E-01 2.76997984381421780 -0.669909429447046734E-01 0.533126739614113276 0.899330470221615719
 216 0.361298111853565292E-04 0.917855568756218321 2.64297376659338479 -0.841760911249687244E-02 -1.12795801833461917 0.362394487046534430
 217 -0.355219961787516867E-05 19.7356252817490905 2.17483866096934930 -19.5031219787930468 0.585733974095081655 0.454588928238343237
 218 0.411438346900983671E-06 13.7012250353203804 0.206733009860447708 -13.7012243338533874 -0.223587257440544807E-01 1.77390169527456854
 219 0.320443413081966966E-05 5.91858043116846666 0.595883598250039448 -0.641455092230816060E-03 0.400618503598998643 -1.04715922859342947
 220 0.533974037590808606E-04 2.18626244371517764 1.19809633586907038 -0.218021526318584680 -0.414740996066033721E-02 1.76505422147130386
 221 -0.552221929950946243E-05 3.82323079042273717 4.10372818840021392 -0.610478068749313249E-02 0.350061069076546105 1.05464385316535791
 222 0.196607292749054582E-03 1.11836866222278508 0.468844047991848589 -0.253764517559722624 1.62872102852156142 -0.971074504147126816
 223 0.606142305025962118E-05 2.82243046180352941 0.157237709693392513 -2.81620974005547620 0.513528077526433036 -0.505629752286424039
 224 -0.110595066117084818E-05 26.9349205540100094 2.66692748418025838 -0.103227188291203226E-04 -0.686527613525133695 0.873566815414417164
 225 -0.626800502980648426E-04 0.862175336502531975 0.103701493021440147 -0.126496670533326524E-01 0.134848015599220800 1.57426937681388668
 226 -0.492447911060270614E-05 14.6523317931593322 0.977476068560959810 -0.801072163074645913E-03 -0.695682812088263547 -1.74288281621296992
 227 0.111056711267632698E-04 2.02425175745217079 1.37472226229682382 -0.117183028533000225E-01 -1.44479942743045586 -1.11811790417403123
 228 0.450846124954717037E-04 0.540612085135831699 0.961265930705529625E-01 -0.433798256056199352E-03 -0.438471068034900047 -0.939349475264949921E-03
 229 -0.435486634062239620E-06 17.8223871968038807 8.29590478490257333 -5.65709576337068043 0.689368808360002694 -1.08401877323844276
 230 -0.469570858120657862E-06 16.7781656086367938 1.39965420867558299 -0.117584097241221736 0.486486274511059635 1.21528617403418537
 231 -0.177230343815071962E-04 3.34231087269581906 1.75592003024970955 -0.541365425128033286E-03 0.783016783088203859E-03 1.40167918581688822
 232 -0.311138668802153747E-05 0.998690474702091380 12.9871493459629317 -0.149279577252811879E-01 -1.40290122413235796 -0.780374725535605385
 233 -0.319519716387890034E-05 27.5709369332246048 2.12113392641473064 -0.730611061089563463E-03 0.711618559081059754 -0.686410447936049772
 234 0.870118234824136494E-06 23.2302699281183251 0.834796674609131650 -0.300378703653232174E-01 0.804251801288734747 0.960293566228508699
 235 -0.202983001240081630E-04 0.672917896923472592 0.758612290742034373E-01 -0.678807544667878442E-02 -1.93124345471021752 -1.67749057216946307
 236 0.101225895323107578E-05 9.03038697368248577 0.476017559396721301 -0.153944030788901922E-01 -0.607526297027289469E-01 1.18583970549077522
 237 -0.583987490630897354E-07 93.7206702801239544 4.46138139291699343 -93.6413376065942771 -0.815426729049831822 -0.745493863207025820
 238 0.567082155282904119E-04 0.668250131945773096 0.936864866722453726 -0.243458341491554190E-03 1.52498253361156322 -0.327362183254596498E-01
 239 -0.154757222225986137E-04 2.23845927747146289 2.98629728351893675 -0.106833777190808816E-02 -0.546269632792204307 1.38876998068843305
 240 0.118916363490400967E-05 10.7360101444159817 1.35293162844634618 -0.901191299837521611E-05 -0.913816789807063490 1.40268950644426305
 241 -0.928890668521289804E-05 0.717058034900867891E-01 0.976132007664092666E-01 -0.427097868392607022E-02 0.598914349039285421 1.81997802353437166
 242 0.588386516419787680E-06 2.46019454134163551 83.7859741748984987 -0.395469874175682773E-01 -0.586854830069723721 0.705250031404761391
 243 -0.995818309196428388E-05 3.72214201495630537 3.32280835918347428 -0.313309506776289729E-05 -0.936331086352808706 0.134697022473904499
 244 0.730583709880402924E-07 43.5006151020135903 8.00139391614740525 -1.52523199549482436 0.693774791828040360 -0.823647831580483714
 245 0.690335074817201493E-05 0.164326519682933603 11.3004216364315049 -0.112551824376165496E-01 -1.68257463013464026 0.672334798260986521
 246 -0.197254608744862406E-04 4.95044965126630210 0.124053217659826673 -0.179993033742406995E-02 0.595393698689354323 -1.57069229372373487
 247 0.655555756767456887E-06 0.547923634277764776E-01 5.02080917036589103 -0.400034359308390833E-02 -0.574288313085795199 0.448579620465270279
 248 -0.533409141209026245E-05 1.45996372567081512 3.71615488063605737 -1.32827671317088969 0.528462908164469281 -1.42731169263705704
 249 0.100261799249221528E-05 3.32228784768626806 0.645948973087598022 -0.129445864491037260 1.56542179085700472 -1.29193376077750965
 250 -0.137720932140629625E-05 10.3243454039252054 6.19387180368422197 -4.71161300096790292 0.924485431982852046 -1.07901158381911455
 251 -0.165078139345115152E-04 1.76127112956803145 4.27128332226861929 -0.831274403135541344E-02 0.458068032210391662 1.07498953024252097
 252 -0.133665923372530999E-04 2.12038595159516463 5.06578034172763569 -1.86853381667652796 -0.922105256109643556 0.789859421661538219
 253 0.723717055112972854E-05 2.78480401008644529 8.46433994363030884 -0.116164190897631581E-01 0.924619508015018132 0.638392173942048391
 254 -0.119649879908647432E-04 4.23908737225872834 2.73722898509833668 -4.23903205986112841 2.11226893386681036 0.156957561793071798
 255 0.121678743037641729E-05 12.5244374176416482 0.703265337122001011 -0.109937113354377939E-06 -0.712819208899402867 2.08721300528631026
 256 0.286178766241724821E-05 6.88187845786754870 3.81458464138360842 -6.88159233035262652 -1.16089967400705540 0.328188158796688251E-01
 257 -0.192965885988849093E-04 3.97970368355599646 5.35380493638706589 -3.13345670239231522 -0.908295893370266394 -0.491625626140542893
 258 -0.792086772607492366E-04 1.05446128430109165 0.269954091915873773 -0.740680397701885679E-01 -2.34904931501112602 2.55983985002078152
 259 0.141298386822903283E-04 0.857757180794211149 9.47975398460486574 -0.674475305370887852E-02 -1.36707314504631072 0.608625661890112579
 260 -0.242372567662071395E-05 11.4750797514549472 0.250010124185845395 -0.544974035439869855E-02 -0.589285410531655507 0.682495068108992520
 261 0.490510750017520575E-05 11.1975515605181073 2.58738754402536886 -0.275257343861810963E-02 -0.761666024312494860 -0.799498378523873066
 262 0.919141619383231699E-06 7.82944184663710452 5.17246675882975460 -0.107584755055294547E-02 -1.21429614105949657 -0.233853627077157095
 263 0.159393344392425130E-06 2.57963547603992804 11.9250753227148643 -0.114061563717731199 1.06965350100442858 -0.532980691662608974
 264 -0.489181231114887174E-04 3.15753076441966574 0.526847710431110783 -0.480297977251414258E-03 -0.198744663052262294 -1.64306192777378035
 265 0.142895926141696421E-04 3.07999163766518613 4.69605305306659027 -3.00204036882627046 0.613597448152533920 -0.469510872990341055
 266 0.587682633897510738E-04 0.138910514452590672 0.407559843349906414 -0.118823135144806039 2.95526272087276398 2.38450502501878425
 267 -0.998180572819771645E-05 3.46958858727365271 0.220561101231419726 -0.184356162643147670E-03 -1.87433701848693590 -1.26441922302201548
 268 -0.137812092270500402E-05 3.93030293090082106 0.840966358714266282E-01 -3.92859128393937862 1.28823181449504487 -1.71486461340175667
 269 0.652538763917427870E-05 5.48903163268987893 3.46810519056886823 -2.85420521606770627 -1.01758155753360380 0.498524435436503877
 270 0.981977739375665690E-07 110.813929585935753 0.995572117082157537 -0.865895044077881482E-02 -0.694543480111181499 0.687304772878691073
 271 0.177062742319217400E-04 0.816015492777566243 2.60349855334720814 -0.131417844847412887E-03 0.841300762179554185 -1.29420879233025721
 272 0.113099628708280388E-06 1.90374848308330957 11.0935617138065030 -0.242417308636593637 -0.213476960540050553 0.774582313990947569
 273 0.208125444647498729E-05 1.26683831156976368 3.85240237562696386 -0.173083900863229613E-02 -1.80243534727857302 -0.211553368602781400
 274 -0.771335050606450075E-04 0.155880205864807608 1.96913389990970855 -0.153839596204949029E-01 1.32286609264532373 -0.432361595113270103
 275 0.320957361353952403E-05 0.236082466848748396 8.89972536289564964 -0.235783976955079716 -0.245465246523617342 -0.943047106215472053
 276 -0.294646581661485673E-05 1.59005029827207989 4.75540979328084212 -0.101916533405127768 1.17508842955079906 -1.19309939407257493
 277 -0.670105430234543293E-07 29.2184509739735745 1.31277715855760002 -0.295287785324024644E-01 -0.843117912790737667 1.54371340526380618
 278 -0.170678771575797624E-05 11.3975659241048675 0.105976991096130665 -0.131974519169694876E-04 -0.866061582540043839 2.32900003926101462
 279 0.674766225133656872E-04 0.918499423992062969 0.459158131254993773 -0.470184321597583776 2.70807728103013101 -2.22880528539850431
 280 -0.110564694320353050E-03 0.493516285828394630 0.318254997094897907 -0.493515258547065683 1.42343130831457421 -1.99723635750028450
 281 0.382051031421056649E-05 7.82461631367130384 9.29992070737938548 -0.324446164990794331E-01 -0.565874687857335634 0.700464655010812676
 282 -0.268484949313879267E-05 4.45643632056074512 6.76409724629407361 -0.214775989254247041 -0.478636320118434433 0.818153675555660764
 283 -0.155034210934273237E-05 2.78478962418712728 13.4736406226144663 -0.249381038951103622E-02 -1.23105006166822739 -0.619162691115784480
 284 0.641218799602425825E-06 20.5047149789398873 2.20102200413988669 -0.218518503717309975E-02 -0.613044404145359767 0.134301551945779279
 285 -0.121527525235037057E-05 20.0457050212533154 3.21604327418792568 -0.197896930120369265E-04 -0.686075483253407836 0.354142342913757235
 286 -0.483929954005285165E-04 0.355851845169343539 0.178284333846867094 -0.181618909272636547 -0.703464646375912411E-01 1.37909358654787217
 287 -0.105708534728336779E-05 7.69245736630729748 0.719715029941108142E-01 -0.673325057779354335E-03 1.21199553437346497 0.782930975502038717
 288 0.658937112717523158E-05 2.68006847689730154 5.30826114977680774 -0.343777939000768640 0.580100827690297693 -0.378043055280364748
 289 0.197510596343950176E-05 21.3950615893357607 1.92766933478861779 -0.608674015861258183E-03 0.702294890779024295 1.20390877851770250
 290 0.174148718657889765E-06 50.0148375091092419 6.75377306734975580 -0.413908083548157205E-05 -0.726410280704933187 0.604437458009781436
 291 0.150538877084638258E-05 10.9847964548140826 2.21666027827332668 -10.5213903567189266 1.57779945031513225 1.83475210520883625
 292 -0.878147438355598443E-05 1.76353245860444652 0.717319877695351882 -1.39475926339500589 -2.19474834799365404 2.27102672390122118
 293 -0.278451710218695276E-07 4.17828589320263966 11.3547902990448222 -0.326934240020374328E-04 -0.500642324019174190 0.561589592569626261
 294 0.604026779424751703E-04 0.323324394606195942 2.56087308775096290 -0.766456116031793543E-02 -1.73879490918085700 0.325021538328994442
 295 0.231498709249071080E-04 0.969986020915900859E-01 2.73519845231513781 -0.969629553689600188E-01 -0.160821829127859306 0.474009853710590734
 296 -0.364030472493513264E-04 0.902242114967261366 3.91590617624875525 -0.617052765562995281E-04 -0.905666622399304705E-01 -0.978514118376984099E-01
 297 -0.232828183443492619E-05 2.87977851715643984 10.3976959173800267 -0.130976193412661757 1.12349304813029671 0.742367097360790429
 298 0.214202620366167235E-05 28.1628487282246311 0.861370220524603325 -0.157917483599145598E-04 0.699798377926140969 -1.92520228875023824
 299 0.111144539513343887E-04 1.49710202254030156 4.61190618176847078 -1.49701676273714290 -2.03483135068276288 0.104788943160911127
 300 -0.123933744308447515E-05 0.628895741503067707E-01 10.3104870132446091 -0.628822540794238966E-01 -0.329377547993270403 0.995162193417450824
 301 0.137735770938694174E-05 0.112968750577144353 8.91905993156934684 -0.112968033417988667 2.77546883666392663 -0.377605764251175202
 302 -0.142285505389966411E-06 1.83656094967048178 182.579874702649221 -0.613459020679639644 0.925053415801368684 -0.706016797986794398
 303 -0.550494589078924988E-05 4.74203643230556082 1.76467240665488556 -0.405070610328050085 0.393046035817202766 -0.954895918977354929
 304 0.523590540998319408E-05 0.107820966598764362 3.66120417396650177 -0.190288525833109284E-02 1.41695047740505209 -1.50785556806372667
 305 -0.141028661476251897E-06 17.7385787660836201 28.0285090245096917 -0.969112952705932483E-05 0.608428370869739221 -0.694100942271754451
 306 0.254702129636010175E-05 3.19214515025846168 6.15557655203601861 -0.221350127349094761E-01 -0.345926340578422073E-01 -1.10439594127927854
 307 0.837347083230685288E-04 0.439806020075893811 0.612094082559209052 -0.602627554292726710E-04 2.44297491900821084 1.32793740982891717
 308 0.313909594258924783E-05 4.06680337448880902 2.24591909023682268 -3.10902217070577525 -1.07120771591868147 2.09782329734265405
 309 -0.806945027572182531E-06 8.26084674799271568 0.655848361732351698E-01 -0.277997410288548729E-03 1.38463780963500738 -2.43832137623247025
 310 -0.656812359823218666E-07 1.05419269246911451 108.826557219121028 -0.162821913356837530E-02 0.731634619197516711 -0.716392050437835493
 311 -0.849245686343058699E-05 1.22666843554188287 4.34524973029057193 -0.120554883848277938E-02 1.56017141311653162 -0.576490416517575932
 312 0.597310914315628209E-05 0.474158170868222262 16.7346061308397651 -0.510122504204234793E-02 1.17642336878888010 0.656335620899190508
 313 0.312353854666188037E-04 0.466379607313578914 1.59963664395465788 -0.657376902788360702E-02 -0.288880077281357395 2.15972944003202638
 314 0.228152569005742323E-05 2.61531666376412941 5.90158587431960324 -0.843290052581473909E-01 1.37094389084429591 -0.729172213743934372
 315 -0.475714565336971131E-05 12.4725013078374438 1.55814314150310707 -0.149186743947288866E-02 0.615601061953166662 -1.49238751176901729
 316 0.188802907012163360E-04 1.81325909744882652 6.35278470341891222 -0.788841915952594314E-01 -0.504163924105544670 0.811941825955854846
 317 -0.129493996926171128E-05 0.526184932790838111 22.1845155868740456 -0.525936375381444443 0.518328628647341194 0.630500578191910077
 318 -0.256011826169987148E-05 11.9057002726834966 1.11458187039552281 -0.129790100220769552E-03 -0.830445581850057679 0.400849468266256836
 319 0.717643423523530936E-06 20.1476550784589961 0.389150650741008575 -0.749858078695643960E-02 0.567500463839947789 -0.198649775355299457
 320 0.112063713090613396E-05 12.0864399099507427 5.34390986442398042 -3.22082128986800642 0.515070387432145060 1.51157185839839503
 321 -0.355157407625272371E-05 0.539809957289115960 13.8532393636229543 -0.165359331107420654 0.914981866257538079 -0.621858699190912856
 322 0.687929025193139370E-04 0.909437598056451968 1.61868408502281524 -0.709983151165063481E-04 -1.79417420870495992 0.282174441856807956
 323 0.667105095836549873E-07 0.755252415638283381 169.691768416367893 -0.332876919883580036 -1.10104612850222905 0.711596999208224723
 324 0.800553589553261445E-05 5.90211912262045502 1.95057633820245857 -0.830909590609527982E-03 0.478606894152851847 0.456189557950495261
 325 -0.194571621509724872E-06 2.09690252254242582 57.9533309992777035 -0.109698588593535261E-02 -1.18355271659695549 0.709008472754501518
 326 -0.513544335964684629E-05 0.977118911262906842 8.49367192914758995 -0.843827392925334532E-03 -1.52942051920380773 0.476760385194038072
 327 0.131531091961295120E-05 6.10760842406751880 4.44175224804843971 -0.256565318271069730E-01 0.109733690099485831 -1.37739852110594696
 328 -0.159669614358577941E-07 89.0639712745000907 1.89589469294595414 -0.403759152013667411E-01 0.716095979583221354 3.09782976902298435
 329 -0.115628147319563163E-03 1.57196870364009555 0.405771733501253118 -0.262190888012815552E-03 1.58060297965066088 1.62241056576763820
 330 0.417531987515036938E-05 11.5680540775920111 0.672417977366906228 -0.521880931317995363E-04 -0.895543516462340650 1.47630668270565124
 331 -0.245537547063090316E-05 15.2745080061952265 10.0944928014507287 -0.500858961587356995E-02 -0.683537815902855894 0.579922048240346988
 332 -0.256503363133741656E-05 0.483545831233872125 6.61755780872514610 -0.483521844891510066 -1.92413769267954149 1.06115852883468675
 333 -0.672704727892436797E-04 2.30048006141586558 1.38619462115225800 -0.779799558732536147 -0.102193760299040995 -1.63411131907836782
 334 0.521063905255487469E-04 2.74121112886410545 3.37943188043651332 -0.195608983956769358E-01 -0.658503066351461719 0.726326249909179600
 335 0.136423701260164094E-05 1.67987905471343812 22.0438438640276182 -0.246165747653211489E-01 1.08288990573457400 -0.638128912358034484
 336 -0.451285740069417746E-05 3.62983148032603831 0.817303529780911586 -0.194442201284431737 2.11291497730977484 -1.13948729495021861
 337 0.131027268041362278E-06 197.576200247979386 0.988358346313030767 -0.489094131737464998E-06 -0.701197343924189198 1.40342820767170062
 338 -0.352789171321107631E-06 5.19478245512757919 22.1969529582643794 -0.122527334914951949 0.850444622123742500 -0.634521073017587978
 339 0.261928373385515750E-05 10.5528742377557787 0.695105810679528258 -0.147352885856676628E-02 -1.01276023482489341 1.27659284061767875
 340 0.914577751728322943E-06 3.47476229602369280 13.0422940720811873 -0.806164538579345809E-04 -0.126960536394345284E-01 -0.696803167614466590
 341 -0.104708198167859446E-04 8.56483551335142401 1.42622040789126903 -8.56483556906749044 -1.79916002058243385 0.195792664535225258
 342 0.722626449170001725E-06 10.0631826120678802 4.19127831089620084 -7.84049091040921375 1.04332762853625027 -0.512193224323511775
 343 0.251754287957823373E-04 0.203180165435160820 3.48225137398999074 -0.203179480932266232 0.312561382259101128 -1.34871737259226143
 344 0.643052586207919048E-05 7.01048473670718231 1.35906393106693768 -0.392129463605630224E-01 -0.467582663798250975 1.02309452141561086
 345 -0.268526882855308884E-06 0.276896708663867175 45.7283017632457742 -0.742087774260452435E-04 -1.57612264150694581 -0.673882698960204696
 346 -0.376638540726926813E-05 0.263564901547214792 6.15199588791252339 -0.263371059278492636 2.40753621244567562 1.43896813975285331
 347 0.215370706293969917E-04 3.49557894540967196 3.18710548640983138 -2.03236924432118027 0.860713894042140604 1.25567370480653917
 348 -0.259557169544956818E-04 0.130056679851779516 1.46277659109290448 -0.764228443432989207E-01 1.49794445969434076 -2.36080019592021317
 349 0.638770066338263128E-04 1.13362746861505692 1.61208638427612416 -0.626570488414427196 -0.787539512314664014 -1.75575402118279378
 350 0.347810228180180214E-04 5.31693967552656144 1.82905842157011311 -0.112966183743324917E-02 -0.613994641289938747 0.430161566597898559
 351 0.678257023539668056E-05 5.42647972591603711 0.787985739477054414 -0.334570199271734791E-04 0.799624993681277985E-01 1.47140522061629353
 352 0.600408659285405025E-04 0.420140246970736153 2.04430633529390482 -0.408679145891196249 -0.875062935335349623 -1.75429244539331086
 353 0.689643077239362296E-05 26.3431925458032481 0.811038490363159004 -0.278981757317254525E-04 -0.704171087184781830 -0.441439823002748422
 354 0.156427208355176596E-04 1.69259638852655825 2.43292307514516981 -0.144107146562550220 -1.45436075821840638 -0.480206029011838953
 355 -0.230494877751977199E-05 15.8612127707979678 0.602047089494532117 -15.8612121278316618 -0.204735519166317520 0.443725537270773351
 356 -0.183295508316491227E-04 2.82806694558591598 3.20463175566815384 -1.47909821650096962 0.938610654380224729 -0.974278958150890162
 357 -0.327350086201420753E-06 17.5860470182280970 2.29563357796577661 -0.450589624482644353E-02 0.763520677299416861 -1.36814705186901842
 358 0.461606519039561456E-06 3.88287086412813398 41.8942105990505524 -3.88286920908055233 1.26609129944636978 0.705234519198378207
 359 -0.192555773976190184E-05 8.52058719013159127 1.00170050605638461 -8.52057723688877111 -0.271709615082405431 1.26922595817778272
 360 -0.404247059883525592E-05 1.65198971960473862 6.49560433524760317 -0.672292525757338280E-03 0.678135003425467509 -0.992262256390695763
 361 -0.170353728312642444E-05 0.792620071902873785E-01 13.6395313469897150 -0.788216375816896409E-01 0.539680516571867441 -0.727363013255278301
 362 0.113640144641996320E-04 33.4415943150867463 0.545916005966266660 -0.176323283393904368E-02 0.700736661361207269 -0.600988981860199334
 363 -0.277968319533667184E-05 5.81086356215611222 3.92089952642524509 -0.129774958273555729 -0.345979187070556138 0.109322689164313938
 364 0.727723294616847681E-05 24.6651085398067274 0.287921657626344085 -0.334282059650823022E-02 -0.698817210704267500 1.85855711988352112
 365 -0.103985664600278976E-04 1.92187276025650267 9.23894517127762782 -0.992991405634967156E-01 -0.670509812982824527 0.598631254333818585
 366 -0.953604471792045901E-05 6.10192790034438737 2.77404574435544538 -0.694715081907896215 -0.892032141229380238 1.44207357927279456
 367 -0.259896180471336221E-05 1.70809025512612589 12.4173662269356786 -1.60745421184977433 1.56485665028324994 -0.534859353523511327
 368 -0.145983436306426800E-05 17.9887884492406975 0.141939331983329226 -0.110853009492580218E-02 -0.661025265433451525 -0.373504126275414128
 369 -0.134745353236379516E-05 3.89840129103801791 8.14030735918966819 -3.07644021232438813 1.27921036545290656 0.874714294112695190
 370 -0.482831136845804995E-06 0.263054105955366380 19.8791302015146698 -0.302375076608165792E-03 0.287382279660773898E-01 -0.908898277934254151
 371 0.810413107470484672E-06 10.9673737506065585 6.31031579937822773 -0.773351561007176613 -0.832558486031835354 0.531042053879413611
 372 0.900158212155312551E-07 0.819181368456167514 266.885094631602385 -0.819180771333613000 0.494103789982154318 0.699547427188426663
 373 0.501271488799594230E-04 0.153411620405611432 1.11420341592440120 -0.234985250161126313E-01 1.70483547317659045 -1.29517413954599214
 374 0.236375811532970787E-06 102.782269274020322 3.23059901441715480 -0.216374724913068611E-01 -0.693780867011601909 0.957079115067485109
 375 -0.789443918158514059E-04 0.818168812515819410 0.318928885104236004 -0.152851217448092574 -0.428313631531873351 0.313492765583643695
 376 -0.386110509305873657E-06 25.3961678872287138 3.73644359770313095 -0.562173174119318220 -0.776108417509018711 0.383828194553774815
 377 0.529132380772310538E-06 14.7200471893549363 8.23347169265111489 -0.342293075568290417 0.855703315269608633 -0.810531350951335661
 378 0.288314901302325232E-06 26.9955423607139444 1.21225114819084046 -0.545470786902494537E-01 -0.587913538757773413 0.700636873229648183
 379 -0.552056717857248106E-05 1.39672635122256961 1.94195438897487516 -0.122669470799809197E-01 -1.40647703954126779 1.39740368363316647
 380 -0.225058177555622426E-05 15.4538233141065149 2.71341122920469102 -0.183159760064919653E-03 0.698665062411124693 0.882537413324822273
 381 0.168569396401163689E-04 2.28837963881701878 10.1459285692193397 -0.798630594661782966E-04 -0.624454206340524065 0.691387901524802229
 382 0.762876205944884110E-06 11.1590236667621365 12.4981967605733590 -0.350101268762000928 -0.668178518376181696 0.657339711882219624
 383 0.136313479677293465E-04 2.03943715428940875 6.24865828443379456 -0.112390384656110245 1.12646805542481143 -0.661521597968737107
 384 0.655448098198106811E-06 11.0553627009494573 1.95571318054766152 -0.187320193289153107E-01 -1.12360284766757457 0.675078182002863958
 385 -0.100602596431849216E-05 9.11703142555356472 6.04669862658216939 -0.284378324197544663 0.413895086964113479 -0.665142019676281504
 :END:
 
