0.00D+00
0.00D+00
0.70D+00
0.00D+00
0.00D+00
-0.70D+00
0.5717D+00
0.7483D-03
0.00D+00
0.00D+00
0.70D+00
0.00D+00
0.00D+00
-0.70D+00
0.2128D+00
0.4143D-04
0.00D+00
0.00D+00
0.70D+00
0.00D+00
0.00D+00
-0.70D+00
0.3175D+00
0.3877D-05 
0.00D+00
0.00D+00
0.70D+00
0.00D+00
0.00D+00
-0.70D+00
0.8024D+00
0.5546D-03
0.00D+00
0.00D+00
0.70D+00
0.00D+00
0.00D+00
-0.70D+00
0.7147D+01
0.0269D-04
0.00D+00
0.00D+00
0.70D+00
0.00D+00
0.00D+00
-0.70D+00
0.8870D+02
0.4997D-05 
0.00D+00
0.00D+00
0.70D+00
0.00D+00
0.00D+00
-0.70D+00
0.0331D+00
0.8907D-03
0.00D+00
0.00D+00
0.70D+00
0.00D+00
0.00D+00
-0.70D+00
0.1304D+01
0.7098D-04
0.00D+00
0.00D+00
0.70D+00
0.00D+00
0.00D+00
-0.70D+00
0.6521D+02
0.1475D-05
0.00D+00
0.00D+00
0.70D+00
0.00D+00
0.00D+00
-0.70D+00
0.5344D-01
0.6248D-03
0.00D+00
0.00D+00
0.70D+00
0.00D+00
0.00D+00
-0.70D+00
0.0910D+01
0.9379D-04
0.00D+00
0.00D+00
0.70D+00
0.00D+00
0.00D+00
-0.70D+00
0.1503D+02
0.5872D-05
0.00D+00
0.00D+00
0.70D+00
0.00D+00
0.00D+00
-0.70D+00
0.4985D+00
0.8420D-07
0.00D+00
0.00D+00
0.70D+00
0.00D+00
0.00D+00
-0.70D+00
0.2746D+04
0.2399D-04
0.00D+00
0.00D+00
0.70D+00
0.00D+00
0.00D+00
-0.70D+00
0.6813D+03
0.8456D-05
0.00D+00
0.00D+00
0.70D+00
0.00D+00
0.00D+00
-0.70D+00
0.9554D+00
0.1598D-03
0.00D+00
0.00D+00
0.70D+00
0.00D+00
0.00D+00
-0.70D+00
0.0030D+01
0.1809D-04
0.00D+00
0.00D+00
0.70D+00
0.00D+00
0.00D+00
-0.70D+00
0.3858D+02
0.5901D-06
